GEN,		MIN,			AVE,			MAX,
0,		17.60,		28.04,		35.60,
1,		18.60,		28.16,		35.60,
2,		18.60,		28.59,		37.60,
3,		18.60,		28.69,		37.60,
4,		18.60,		28.88,		37.60,
5,		18.60,		29.04,		36.60,
6,		17.60,		29.73,		36.60,
7,		18.60,		30.17,		37.60,
8,		20.60,		30.24,		38.60,
9,		20.60,		30.52,		38.60,
10,		20.60,		30.75,		38.60,
11,		21.60,		30.80,		39.60,
12,		21.60,		31.27,		37.60,
13,		21.60,		31.48,		37.60,
14,		21.60,		31.81,		39.60,
15,		21.60,		32.46,		39.60,
16,		22.60,		32.84,		38.60,
17,		22.60,		33.04,		38.60,
18,		23.60,		33.18,		39.60,
19,		24.60,		33.15,		39.60,
20,		22.60,		33.23,		40.60,
21,		24.60,		33.40,		40.60,
22,		23.60,		33.37,		40.60,
23,		23.60,		33.61,		40.60,
24,		23.60,		33.72,		39.60,
25,		22.60,		33.99,		39.60,
26,		22.60,		34.20,		39.60,
27,		22.60,		34.29,		39.60,
28,		23.60,		34.44,		39.60,
29,		26.60,		34.71,		40.60,
30,		27.60,		35.08,		40.60,
31,		29.60,		35.59,		40.60,
32,		28.60,		35.70,		40.60,
33,		27.60,		35.68,		40.60,
34,		28.60,		36.05,		40.60,
35,		28.60,		36.23,		40.60,
36,		28.60,		36.41,		40.60,
37,		28.60,		36.58,		40.60,
38,		30.60,		36.74,		39.60,
39,		30.60,		36.75,		39.60,
40,		30.60,		36.83,		39.60,
41,		30.60,		36.65,		39.60,
42,		31.60,		36.82,		40.60,
43,		31.60,		36.72,		40.60,
44,		31.60,		36.71,		40.60,
45,		31.60,		36.76,		39.60,
46,		31.60,		36.82,		40.60,
47,		31.60,		36.84,		40.60,
48,		31.60,		37.01,		40.60,
49,		32.60,		37.05,		40.60,
50,		32.60,		37.15,		40.60,
51,		31.60,		37.23,		40.60,
52,		31.60,		37.39,		40.60,
53,		31.60,		37.25,		40.60,
54,		31.60,		37.25,		40.60,
55,		31.60,		37.36,		40.60,
56,		30.60,		37.42,		40.60,
57,		31.60,		37.64,		40.60,
58,		31.60,		37.79,		40.60,
59,		31.60,		37.75,		40.60,
60,		31.60,		37.67,		40.60,
61,		30.60,		37.61,		40.60,
62,		30.60,		37.79,		40.60,
63,		31.60,		37.75,		40.60,
64,		30.60,		37.74,		40.60,
65,		30.60,		37.59,		40.60,
66,		30.60,		37.56,		40.60,
67,		30.60,		37.68,		40.60,
68,		31.60,		37.61,		40.60,
69,		32.60,		37.66,		40.60,
70,		31.60,		37.81,		40.60,
71,		31.60,		37.97,		40.60,
72,		32.60,		37.96,		40.60,
73,		32.60,		38.05,		40.60,
74,		32.60,		38.11,		40.60,
75,		32.60,		38.10,		40.60,
76,		32.60,		38.05,		40.60,
77,		32.60,		37.97,		40.60,
78,		32.60,		38.03,		40.60,
79,		32.60,		38.12,		40.60,
80,		32.60,		38.05,		40.60,
81,		32.60,		38.14,		40.60,
82,		33.60,		38.27,		40.60,
83,		34.60,		38.33,		40.60,
84,		34.60,		38.44,		40.60,
85,		34.60,		38.51,		40.60,
86,		34.60,		38.64,		40.60,
87,		32.60,		38.46,		40.60,
88,		33.60,		38.50,		40.60,
89,		31.60,		38.41,		40.60,
90,		31.60,		38.48,		40.60,
91,		33.60,		38.68,		40.60,
92,		33.60,		38.80,		40.60,
93,		33.60,		38.99,		40.60,
94,		33.60,		39.07,		40.60,
95,		30.60,		39.16,		40.60,
96,		30.60,		39.32,		40.60,
97,		34.60,		39.46,		40.60,
98,		34.60,		39.40,		40.60,
99,		33.60,		39.28,		40.60,
100,		33.60,		39.32,		40.60,
101,		33.60,		39.30,		40.60,
102,		32.60,		39.27,		40.60,
103,		33.60,		39.28,		40.60,
104,		32.60,		39.33,		40.60,
105,		34.60,		39.35,		40.60,
106,		33.60,		39.41,		40.60,
107,		35.60,		39.37,		40.60,
108,		30.60,		39.24,		40.60,
109,		30.60,		39.26,		40.60,
110,		33.60,		39.35,		40.60,
111,		33.60,		39.38,		40.60,
112,		35.60,		39.52,		40.60,
113,		34.60,		39.40,		40.60,
114,		32.60,		39.43,		40.60,
115,		30.60,		39.34,		40.60,
116,		30.60,		39.29,		40.60,
117,		30.60,		39.27,		40.60,
118,		34.60,		39.34,		40.60,
119,		34.60,		39.21,		40.60,
120,		33.60,		39.17,		40.60,
121,		33.60,		39.12,		40.60,
122,		33.60,		39.14,		40.60,
123,		33.60,		39.13,		40.60,
124,		33.60,		39.26,		40.60,
125,		34.60,		39.36,		40.60,
126,		33.60,		39.31,		40.60,
127,		34.60,		39.27,		40.60,
128,		34.60,		39.18,		40.60,
129,		34.60,		39.15,		40.60,
130,		33.60,		39.24,		40.60,
131,		33.60,		39.15,		40.60,
132,		34.60,		39.16,		40.60,
133,		34.60,		39.11,		40.60,
134,		34.60,		39.15,		40.60,
135,		33.60,		39.00,		40.60,
136,		31.60,		39.13,		40.60,
137,		29.60,		39.17,		40.60,
138,		34.60,		39.30,		40.60,
139,		34.60,		39.29,		40.60,
140,		34.60,		39.17,		40.60,
141,		32.60,		39.25,		40.60,
142,		32.60,		39.15,		40.60,
143,		31.60,		38.93,		40.60,
144,		33.60,		39.08,		40.60,
145,		31.60,		39.10,		40.60,
146,		33.60,		39.14,		40.60,
147,		32.60,		39.11,		40.60,
148,		32.60,		39.19,		40.60,
149,		32.60,		39.24,		40.60,
150,		34.60,		39.30,		40.60,
151,		34.60,		39.22,		40.60,
152,		35.60,		39.42,		40.60,
153,		35.60,		39.49,		40.60,
154,		34.60,		39.40,		40.60,
155,		35.60,		39.48,		40.60,
156,		34.60,		39.34,		40.60,
157,		33.60,		39.30,		40.60,
158,		33.60,		39.10,		40.60,
159,		33.60,		39.13,		40.60,
160,		33.60,		39.23,		40.60,
161,		34.60,		39.41,		40.60,
162,		33.60,		39.37,		40.60,
163,		33.60,		39.41,		40.60,
164,		33.60,		39.55,		40.60,
165,		34.60,		39.57,		40.60,
166,		33.60,		39.61,		40.60,
167,		34.60,		39.59,		40.60,
168,		34.60,		39.64,		40.60,
169,		33.60,		39.60,		40.60,
170,		33.60,		39.76,		40.60,
171,		33.60,		39.83,		40.60,
172,		34.60,		40.00,		40.60,
173,		34.60,		40.06,		40.60,
174,		34.60,		40.06,		40.60,
175,		37.60,		40.16,		40.60,
176,		34.60,		40.08,		40.60,
177,		33.60,		40.12,		40.60,
178,		33.60,		40.11,		40.60,
179,		34.60,		40.10,		40.60,
180,		34.60,		40.03,		40.60,
181,		34.60,		40.04,		40.60,
182,		34.60,		40.17,		40.60,
183,		34.60,		40.22,		40.60,
184,		34.60,		40.16,		40.60,
185,		34.60,		40.15,		40.60,
186,		34.60,		40.14,		40.60,
187,		35.60,		40.17,		40.60,
188,		35.60,		40.21,		40.60,
189,		35.60,		40.20,		40.60,
190,		35.60,		40.18,		40.60,
191,		34.60,		40.09,		40.60,
192,		35.60,		40.17,		40.60,
193,		35.60,		40.21,		40.60,
194,		34.60,		40.13,		40.60,
195,		35.60,		40.23,		40.60,
196,		33.60,		40.10,		40.60,
197,		35.60,		40.16,		40.60,
198,		33.60,		40.14,		40.60,
199,		33.60,		40.18,		40.60,
200,		33.60,		40.05,		40.60,
201,		28.60,		40.01,		40.60,
202,		35.60,		39.96,		40.60,
203,		35.60,		40.08,		40.60,
204,		35.60,		40.09,		40.60,
205,		35.60,		40.12,		40.60,
206,		35.60,		40.17,		40.60,
207,		35.60,		40.20,		40.60,
208,		33.60,		40.02,		40.60,
209,		33.60,		40.02,		40.60,
210,		33.60,		39.95,		40.60,
211,		33.60,		39.92,		40.60,
212,		33.60,		39.98,		40.60,
213,		33.60,		40.09,		40.60,
214,		33.60,		39.97,		40.60,
215,		34.60,		39.94,		40.60,
216,		34.60,		39.93,		40.60,
217,		34.60,		40.02,		40.60,
218,		35.60,		39.92,		40.60,
219,		34.60,		39.87,		40.60,
220,		33.60,		39.88,		40.60,
221,		32.60,		39.85,		40.60,
222,		32.60,		39.89,		40.60,
223,		31.60,		39.93,		40.60,
224,		35.60,		40.01,		40.60,
225,		35.60,		39.98,		40.60,
226,		30.60,		39.83,		40.60,
227,		33.60,		40.00,		40.60,
228,		37.60,		40.00,		40.60,
229,		37.60,		40.01,		40.60,
230,		37.60,		40.04,		40.60,
231,		37.60,		40.02,		40.60,
232,		37.60,		40.03,		40.60,
233,		38.60,		39.94,		40.60,
234,		38.60,		39.97,		40.60,
235,		36.60,		40.00,		40.60,
236,		36.60,		39.95,		40.60,
237,		37.60,		39.98,		40.60,
238,		35.60,		39.89,		40.60,
239,		35.60,		39.91,		40.60,
240,		35.60,		39.96,		40.60,
241,		35.60,		39.86,		40.60,
242,		36.60,		39.91,		40.60,
243,		35.60,		39.86,		40.60,
244,		33.60,		39.77,		40.60,
245,		35.60,		39.76,		40.60,
246,		37.60,		39.75,		40.60,
247,		36.60,		39.80,		40.60,
248,		36.60,		39.76,		40.60,
249,		37.60,		39.54,		40.60,
250,		36.60,		39.53,		40.60,
251,		35.60,		39.50,		40.60,
252,		34.60,		39.48,		40.60,
253,		34.60,		39.57,		40.60,
254,		34.60,		39.65,		40.60,
255,		34.60,		39.68,		40.60,
256,		33.60,		39.64,		40.60,
257,		33.60,		39.77,		40.60,
258,		33.60,		39.67,		40.60,
259,		34.60,		39.70,		40.60,
260,		32.60,		39.70,		40.60,
261,		34.60,		39.89,		40.60,
262,		33.60,		39.88,		40.60,
263,		35.60,		40.01,		40.60,
264,		35.60,		40.00,		40.60,
265,		34.60,		39.84,		40.60,
266,		34.60,		39.86,		40.60,
267,		32.60,		39.84,		40.60,
268,		34.60,		40.07,		40.60,
269,		34.60,		40.01,		40.60,
270,		34.60,		39.98,		40.60,
271,		34.60,		39.95,		40.60,
272,		34.60,		39.98,		40.60,
273,		34.60,		39.80,		40.60,
274,		34.60,		39.80,		40.60,
275,		33.60,		39.71,		40.60,
276,		34.60,		39.82,		40.60,
277,		34.60,		39.82,		40.60,
278,		34.60,		39.93,		40.60,
279,		34.60,		39.93,		40.60,
280,		33.60,		39.87,		40.60,
281,		34.60,		39.94,		40.60,
282,		34.60,		39.92,		40.60,
283,		34.60,		39.90,		40.60,
284,		28.60,		39.73,		40.60,
285,		30.60,		39.92,		40.60,
286,		30.60,		39.87,		40.60,
287,		30.60,		39.72,		40.60,
288,		34.60,		39.87,		40.60,
289,		33.60,		39.78,		40.60,
290,		33.60,		39.88,		40.60,
291,		33.60,		39.89,		40.60,
292,		33.60,		39.67,		40.60,
293,		33.60,		39.79,		40.60,
294,		33.60,		39.68,		40.60,
295,		34.60,		39.75,		40.60,
296,		34.60,		39.87,		40.60,
297,		35.60,		40.04,		40.60,
298,		35.60,		40.05,		40.60,
299,		35.60,		39.98,		40.60,
300,		35.60,		40.06,		40.60,
301,		34.60,		39.91,		40.60,
302,		35.60,		39.81,		40.60,
303,		35.60,		39.90,		40.60,
304,		35.60,		40.00,		40.60,
305,		35.60,		39.99,		40.60,
306,		35.60,		39.90,		40.60,
307,		34.60,		39.88,		40.60,
308,		35.60,		39.87,		40.60,
309,		35.60,		39.82,		40.60,
310,		35.60,		40.01,		40.60,
311,		35.60,		39.95,		40.60,
312,		34.60,		39.81,		40.60,
313,		35.60,		39.84,		40.60,
314,		34.60,		39.84,		40.60,
315,		31.60,		39.92,		40.60,
316,		31.60,		39.89,		40.60,
317,		35.60,		40.09,		40.60,
318,		35.60,		40.04,		40.60,
319,		34.60,		40.02,		40.60,
320,		34.60,		40.02,		40.60,
321,		32.60,		39.95,		40.60,
322,		32.60,		39.88,		40.60,
323,		34.60,		40.00,		40.60,
324,		37.60,		40.06,		40.60,
325,		36.60,		40.12,		40.60,
326,		37.60,		40.14,		40.60,
327,		37.60,		40.15,		40.60,
328,		37.60,		40.14,		40.60,
329,		34.60,		40.16,		40.60,
330,		33.60,		40.14,		40.60,
331,		33.60,		40.19,		40.60,
332,		33.60,		40.11,		40.60,
333,		33.60,		40.04,		40.60,
334,		34.60,		40.03,		40.60,
335,		35.60,		40.04,		40.60,
336,		35.60,		40.06,		40.60,
337,		35.60,		40.05,		40.60,
338,		33.60,		39.98,		40.60,
339,		33.60,		40.11,		40.60,
340,		34.60,		40.15,		40.60,
341,		34.60,		40.18,		40.60,
342,		34.60,		39.98,		40.60,
343,		34.60,		39.82,		40.60,
344,		30.60,		39.82,		40.60,
345,		33.60,		39.76,		40.60,
346,		30.60,		39.65,		40.60,
347,		34.60,		39.74,		40.60,
348,		34.60,		39.79,		40.60,
349,		34.60,		39.78,		40.60,
350,		34.60,		39.86,		40.60,
351,		34.60,		40.00,		40.60,
352,		34.60,		40.09,		40.60,
353,		35.60,		40.07,		40.60,
354,		35.60,		40.12,		40.60,
355,		35.60,		40.16,		40.60,
356,		33.60,		40.06,		40.60,
357,		33.60,		40.16,		40.60,
358,		33.60,		40.21,		40.60,
359,		33.60,		40.14,		40.60,
360,		33.60,		40.11,		40.60,
361,		33.60,		40.20,		40.60,
362,		33.60,		40.26,		40.60,
363,		33.60,		40.35,		40.60,
364,		35.60,		40.39,		40.60,
365,		34.60,		40.29,		40.60,
366,		30.60,		40.19,		40.60,
367,		30.60,		40.19,		40.60,
368,		35.60,		40.24,		40.60,
369,		34.60,		40.19,		40.60,
370,		34.60,		40.24,		40.60,
371,		35.60,		40.30,		40.60,
372,		35.60,		40.22,		40.60,
373,		35.60,		40.19,		40.60,
374,		30.60,		40.14,		40.60,
375,		33.60,		40.12,		40.60,
376,		34.60,		40.01,		40.60,
377,		34.60,		39.98,		40.60,
378,		30.60,		40.04,		40.60,
379,		30.60,		40.06,		40.60,
380,		30.60,		39.98,		40.60,
381,		33.60,		39.92,		40.60,
382,		33.60,		39.98,		40.60,
383,		34.60,		40.08,		40.60,
384,		34.60,		40.15,		40.60,
385,		35.60,		40.20,		40.60,
386,		35.60,		40.27,		40.60,
387,		35.60,		40.33,		40.60,
388,		34.60,		40.18,		40.60,
389,		35.60,		40.08,		40.60,
390,		35.60,		40.15,		40.60,
391,		35.60,		40.16,		40.60,
392,		33.60,		40.13,		40.60,
393,		31.60,		39.99,		40.60,
394,		35.60,		40.03,		40.60,
395,		34.60,		39.97,		40.60,
396,		35.60,		40.06,		40.60,
397,		35.60,		40.05,		40.60,
398,		35.60,		39.99,		40.60,
399,		35.60,		40.06,		40.60,
