GEN,		MIN,			AVE,			MAX,
0,		-10.00,		-2.44,		8.00,
1,		-10.00,		-2.56,		7.00,
2,		-12.00,		-2.99,		7.00,
3,		-12.00,		-3.08,		7.00,
4,		-12.00,		-3.27,		7.00,
5,		-11.00,		-3.44,		7.00,
6,		-11.00,		-4.12,		8.00,
7,		-12.00,		-4.57,		7.00,
8,		-13.00,		-4.64,		5.00,
9,		-13.00,		-4.92,		5.00,
10,		-13.00,		-5.15,		5.00,
11,		-14.00,		-5.20,		4.00,
12,		-12.00,		-5.67,		4.00,
13,		-12.00,		-5.88,		4.00,
14,		-14.00,		-6.21,		4.00,
15,		-14.00,		-6.86,		4.00,
16,		-13.00,		-7.24,		3.00,
17,		-13.00,		-7.43,		3.00,
18,		-14.00,		-7.58,		2.00,
19,		-14.00,		-7.55,		1.00,
20,		-15.00,		-7.63,		3.00,
21,		-15.00,		-7.80,		1.00,
22,		-15.00,		-7.77,		2.00,
23,		-15.00,		-8.01,		2.00,
24,		-14.00,		-8.12,		2.00,
25,		-14.00,		-8.38,		3.00,
26,		-14.00,		-8.60,		3.00,
27,		-14.00,		-8.69,		3.00,
28,		-14.00,		-8.84,		2.00,
29,		-15.00,		-9.11,		-1.00,
30,		-15.00,		-9.47,		-2.00,
31,		-15.00,		-9.99,		-4.00,
32,		-15.00,		-10.10,		-3.00,
33,		-15.00,		-10.07,		-2.00,
34,		-15.00,		-10.45,		-3.00,
35,		-15.00,		-10.63,		-3.00,
36,		-15.00,		-10.81,		-3.00,
37,		-15.00,		-10.98,		-3.00,
38,		-14.00,		-11.14,		-5.00,
39,		-14.00,		-11.14,		-5.00,
40,		-14.00,		-11.23,		-5.00,
41,		-14.00,		-11.04,		-5.00,
42,		-15.00,		-11.21,		-6.00,
43,		-15.00,		-11.12,		-6.00,
44,		-15.00,		-11.11,		-6.00,
45,		-14.00,		-11.16,		-6.00,
46,		-15.00,		-11.21,		-6.00,
47,		-15.00,		-11.23,		-6.00,
48,		-15.00,		-11.41,		-6.00,
49,		-15.00,		-11.45,		-7.00,
50,		-15.00,		-11.55,		-7.00,
51,		-15.00,		-11.62,		-6.00,
52,		-15.00,		-11.79,		-6.00,
53,		-15.00,		-11.64,		-6.00,
54,		-15.00,		-11.65,		-6.00,
55,		-15.00,		-11.76,		-6.00,
56,		-15.00,		-11.81,		-5.00,
57,		-15.00,		-12.04,		-6.00,
58,		-15.00,		-12.19,		-6.00,
59,		-15.00,		-12.15,		-6.00,
60,		-15.00,		-12.06,		-6.00,
61,		-15.00,		-12.01,		-5.00,
62,		-15.00,		-12.19,		-5.00,
63,		-15.00,		-12.14,		-6.00,
64,		-15.00,		-12.13,		-5.00,
65,		-15.00,		-11.98,		-5.00,
66,		-15.00,		-11.96,		-5.00,
67,		-15.00,		-12.08,		-5.00,
68,		-15.00,		-12.01,		-6.00,
69,		-15.00,		-12.05,		-7.00,
70,		-15.00,		-12.21,		-6.00,
71,		-15.00,		-12.37,		-6.00,
72,		-15.00,		-12.36,		-7.00,
73,		-15.00,		-12.45,		-7.00,
74,		-15.00,		-12.51,		-7.00,
75,		-15.00,		-12.50,		-7.00,
76,		-15.00,		-12.45,		-7.00,
77,		-15.00,		-12.37,		-7.00,
78,		-15.00,		-12.43,		-7.00,
79,		-15.00,		-12.52,		-7.00,
80,		-15.00,		-12.45,		-7.00,
81,		-15.00,		-12.54,		-7.00,
82,		-15.00,		-12.67,		-8.00,
83,		-15.00,		-12.72,		-9.00,
84,		-15.00,		-12.84,		-9.00,
85,		-15.00,		-12.90,		-9.00,
86,		-15.00,		-13.04,		-9.00,
87,		-15.00,		-12.86,		-7.00,
88,		-15.00,		-12.89,		-8.00,
89,		-15.00,		-12.80,		-6.00,
90,		-15.00,		-12.88,		-6.00,
91,		-15.00,		-13.07,		-8.00,
92,		-15.00,		-13.20,		-8.00,
93,		-15.00,		-13.38,		-8.00,
94,		-15.00,		-13.47,		-8.00,
95,		-15.00,		-13.55,		-5.00,
96,		-15.00,		-13.72,		-5.00,
97,		-15.00,		-13.86,		-9.00,
98,		-15.00,		-13.80,		-9.00,
99,		-15.00,		-13.68,		-8.00,
100,		-15.00,		-13.71,		-8.00,
101,		-15.00,		-13.70,		-8.00,
102,		-15.00,		-13.66,		-7.00,
103,		-15.00,		-13.68,		-8.00,
104,		-15.00,		-13.73,		-7.00,
105,		-15.00,		-13.75,		-9.00,
106,		-15.00,		-13.80,		-8.00,
107,		-15.00,		-13.77,		-10.00,
108,		-15.00,		-13.64,		-5.00,
109,		-15.00,		-13.66,		-5.00,
110,		-15.00,		-13.74,		-8.00,
111,		-15.00,		-13.78,		-8.00,
112,		-15.00,		-13.92,		-10.00,
113,		-15.00,		-13.79,		-9.00,
114,		-15.00,		-13.82,		-7.00,
115,		-15.00,		-13.73,		-5.00,
116,		-15.00,		-13.69,		-5.00,
117,		-15.00,		-13.66,		-5.00,
118,		-15.00,		-13.74,		-9.00,
119,		-15.00,		-13.61,		-9.00,
120,		-15.00,		-13.57,		-8.00,
121,		-15.00,		-13.52,		-8.00,
122,		-15.00,		-13.54,		-8.00,
123,		-15.00,		-13.53,		-8.00,
124,		-15.00,		-13.66,		-8.00,
125,		-15.00,		-13.76,		-9.00,
126,		-15.00,		-13.71,		-8.00,
127,		-15.00,		-13.66,		-9.00,
128,		-15.00,		-13.58,		-9.00,
129,		-15.00,		-13.54,		-9.00,
130,		-15.00,		-13.63,		-8.00,
131,		-15.00,		-13.55,		-8.00,
132,		-15.00,		-13.55,		-9.00,
133,		-15.00,		-13.51,		-9.00,
134,		-15.00,		-13.54,		-9.00,
135,		-15.00,		-13.40,		-8.00,
136,		-15.00,		-13.53,		-6.00,
137,		-15.00,		-13.57,		-4.00,
138,		-15.00,		-13.70,		-9.00,
139,		-15.00,		-13.69,		-9.00,
140,		-15.00,		-13.56,		-9.00,
141,		-15.00,		-13.65,		-7.00,
142,		-15.00,		-13.55,		-7.00,
143,		-15.00,		-13.33,		-6.00,
144,		-15.00,		-13.48,		-8.00,
145,		-15.00,		-13.50,		-6.00,
146,		-15.00,		-13.54,		-8.00,
147,		-15.00,		-13.51,		-7.00,
148,		-15.00,		-13.59,		-7.00,
149,		-15.00,		-13.63,		-7.00,
150,		-15.00,		-13.70,		-9.00,
151,		-15.00,		-13.62,		-9.00,
152,		-15.00,		-13.82,		-10.00,
153,		-15.00,		-13.89,		-10.00,
154,		-15.00,		-13.80,		-9.00,
155,		-15.00,		-13.88,		-10.00,
156,		-15.00,		-13.74,		-9.00,
157,		-15.00,		-13.70,		-8.00,
158,		-15.00,		-13.50,		-8.00,
159,		-15.00,		-13.53,		-8.00,
160,		-15.00,		-13.62,		-8.00,
161,		-15.00,		-13.80,		-9.00,
162,		-15.00,		-13.77,		-8.00,
163,		-15.00,		-13.80,		-8.00,
164,		-15.00,		-13.95,		-8.00,
165,		-15.00,		-13.97,		-9.00,
166,		-15.00,		-14.01,		-8.00,
167,		-15.00,		-13.98,		-9.00,
168,		-15.00,		-14.04,		-9.00,
169,		-15.00,		-14.00,		-8.00,
170,		-15.00,		-14.16,		-8.00,
171,		-15.00,		-14.23,		-8.00,
172,		-15.00,		-14.40,		-9.00,
173,		-15.00,		-14.46,		-9.00,
174,		-15.00,		-14.46,		-9.00,
175,		-15.00,		-14.55,		-12.00,
176,		-15.00,		-14.48,		-9.00,
177,		-15.00,		-14.52,		-8.00,
178,		-15.00,		-14.51,		-8.00,
179,		-15.00,		-14.49,		-9.00,
180,		-15.00,		-14.43,		-9.00,
181,		-15.00,		-14.44,		-9.00,
182,		-15.00,		-14.57,		-9.00,
183,		-15.00,		-14.62,		-9.00,
184,		-15.00,		-14.55,		-9.00,
185,		-15.00,		-14.54,		-9.00,
186,		-15.00,		-14.54,		-9.00,
187,		-15.00,		-14.57,		-10.00,
188,		-15.00,		-14.61,		-10.00,
189,		-15.00,		-14.60,		-10.00,
190,		-15.00,		-14.57,		-10.00,
191,		-15.00,		-14.49,		-9.00,
192,		-15.00,		-14.57,		-10.00,
193,		-15.00,		-14.61,		-10.00,
194,		-15.00,		-14.53,		-9.00,
195,		-15.00,		-14.62,		-10.00,
196,		-15.00,		-14.49,		-8.00,
197,		-15.00,		-14.56,		-10.00,
198,		-15.00,		-14.54,		-8.00,
199,		-15.00,		-14.58,		-8.00,
200,		-15.00,		-14.45,		-8.00,
201,		-15.00,		-14.41,		-3.00,
202,		-15.00,		-14.36,		-10.00,
203,		-15.00,		-14.48,		-10.00,
204,		-15.00,		-14.49,		-10.00,
205,		-15.00,		-14.52,		-10.00,
206,		-15.00,		-14.56,		-10.00,
207,		-15.00,		-14.60,		-10.00,
208,		-15.00,		-14.41,		-8.00,
209,		-15.00,		-14.41,		-8.00,
210,		-15.00,		-14.35,		-8.00,
211,		-15.00,		-14.32,		-8.00,
212,		-15.00,		-14.38,		-8.00,
213,		-15.00,		-14.49,		-8.00,
214,		-15.00,		-14.37,		-8.00,
215,		-15.00,		-14.34,		-9.00,
216,		-15.00,		-14.33,		-9.00,
217,		-15.00,		-14.41,		-9.00,
218,		-15.00,		-14.31,		-10.00,
219,		-15.00,		-14.27,		-9.00,
220,		-15.00,		-14.28,		-8.00,
221,		-15.00,		-14.25,		-7.00,
222,		-15.00,		-14.29,		-7.00,
223,		-15.00,		-14.32,		-6.00,
224,		-15.00,		-14.41,		-10.00,
225,		-15.00,		-14.38,		-10.00,
226,		-15.00,		-14.23,		-5.00,
227,		-15.00,		-14.39,		-8.00,
228,		-15.00,		-14.40,		-12.00,
229,		-15.00,		-14.41,		-12.00,
230,		-15.00,		-14.44,		-12.00,
231,		-15.00,		-14.41,		-12.00,
232,		-15.00,		-14.43,		-12.00,
233,		-15.00,		-14.34,		-13.00,
234,		-15.00,		-14.37,		-13.00,
235,		-15.00,		-14.39,		-11.00,
236,		-15.00,		-14.35,		-11.00,
237,		-15.00,		-14.38,		-12.00,
238,		-15.00,		-14.29,		-10.00,
239,		-15.00,		-14.30,		-10.00,
240,		-15.00,		-14.36,		-10.00,
241,		-15.00,		-14.26,		-10.00,
242,		-15.00,		-14.31,		-11.00,
243,		-15.00,		-14.26,		-10.00,
244,		-15.00,		-14.17,		-8.00,
245,		-15.00,		-14.15,		-10.00,
246,		-15.00,		-14.15,		-12.00,
247,		-15.00,		-14.20,		-11.00,
248,		-15.00,		-14.15,		-11.00,
249,		-15.00,		-13.94,		-12.00,
250,		-15.00,		-13.93,		-11.00,
251,		-15.00,		-13.90,		-10.00,
252,		-15.00,		-13.88,		-9.00,
253,		-15.00,		-13.97,		-9.00,
254,		-15.00,		-14.05,		-9.00,
255,		-15.00,		-14.08,		-9.00,
256,		-15.00,		-14.04,		-8.00,
257,		-15.00,		-14.16,		-8.00,
258,		-15.00,		-14.06,		-8.00,
259,		-15.00,		-14.10,		-9.00,
260,		-15.00,		-14.10,		-7.00,
261,		-15.00,		-14.29,		-9.00,
262,		-15.00,		-14.28,		-8.00,
263,		-15.00,		-14.41,		-10.00,
264,		-15.00,		-14.40,		-10.00,
265,		-15.00,		-14.24,		-9.00,
266,		-15.00,		-14.26,		-9.00,
267,		-15.00,		-14.24,		-7.00,
268,		-15.00,		-14.46,		-9.00,
269,		-15.00,		-14.40,		-9.00,
270,		-15.00,		-14.38,		-9.00,
271,		-15.00,		-14.35,		-9.00,
272,		-15.00,		-14.38,		-9.00,
273,		-15.00,		-14.20,		-9.00,
274,		-15.00,		-14.20,		-9.00,
275,		-15.00,		-14.11,		-8.00,
276,		-15.00,		-14.22,		-9.00,
277,		-15.00,		-14.22,		-9.00,
278,		-15.00,		-14.32,		-9.00,
279,		-15.00,		-14.32,		-9.00,
280,		-15.00,		-14.27,		-8.00,
281,		-15.00,		-14.34,		-9.00,
282,		-15.00,		-14.31,		-9.00,
283,		-15.00,		-14.29,		-9.00,
284,		-15.00,		-14.12,		-3.00,
285,		-15.00,		-14.31,		-5.00,
286,		-15.00,		-14.27,		-5.00,
287,		-15.00,		-14.12,		-5.00,
288,		-15.00,		-14.27,		-9.00,
289,		-15.00,		-14.18,		-8.00,
290,		-15.00,		-14.28,		-8.00,
291,		-15.00,		-14.29,		-8.00,
292,		-15.00,		-14.06,		-8.00,
293,		-15.00,		-14.19,		-8.00,
294,		-15.00,		-14.08,		-8.00,
295,		-15.00,		-14.15,		-9.00,
296,		-15.00,		-14.27,		-9.00,
297,		-15.00,		-14.44,		-10.00,
298,		-15.00,		-14.45,		-10.00,
299,		-15.00,		-14.38,		-10.00,
300,		-15.00,		-14.46,		-10.00,
301,		-15.00,		-14.31,		-9.00,
302,		-15.00,		-14.21,		-10.00,
303,		-15.00,		-14.29,		-10.00,
304,		-15.00,		-14.39,		-10.00,
305,		-15.00,		-14.39,		-10.00,
306,		-15.00,		-14.29,		-10.00,
307,		-15.00,		-14.28,		-9.00,
308,		-15.00,		-14.27,		-10.00,
309,		-15.00,		-14.21,		-10.00,
310,		-15.00,		-14.41,		-10.00,
311,		-15.00,		-14.35,		-10.00,
312,		-15.00,		-14.21,		-9.00,
313,		-15.00,		-14.23,		-10.00,
314,		-15.00,		-14.24,		-9.00,
315,		-15.00,		-14.31,		-6.00,
316,		-15.00,		-14.29,		-6.00,
317,		-15.00,		-14.49,		-10.00,
318,		-15.00,		-14.44,		-10.00,
319,		-15.00,		-14.41,		-9.00,
320,		-15.00,		-14.41,		-9.00,
321,		-15.00,		-14.35,		-7.00,
322,		-15.00,		-14.28,		-7.00,
323,		-15.00,		-14.40,		-9.00,
324,		-15.00,		-14.46,		-12.00,
325,		-15.00,		-14.52,		-11.00,
326,		-15.00,		-14.54,		-12.00,
327,		-15.00,		-14.55,		-12.00,
328,		-15.00,		-14.54,		-12.00,
329,		-15.00,		-14.56,		-9.00,
330,		-15.00,		-14.54,		-8.00,
331,		-15.00,		-14.59,		-8.00,
332,		-15.00,		-14.51,		-8.00,
333,		-15.00,		-14.44,		-8.00,
334,		-15.00,		-14.43,		-9.00,
335,		-15.00,		-14.44,		-10.00,
336,		-15.00,		-14.46,		-10.00,
337,		-15.00,		-14.45,		-10.00,
338,		-15.00,		-14.38,		-8.00,
339,		-15.00,		-14.51,		-8.00,
340,		-15.00,		-14.54,		-9.00,
341,		-15.00,		-14.57,		-9.00,
342,		-15.00,		-14.38,		-9.00,
343,		-15.00,		-14.22,		-9.00,
344,		-15.00,		-14.21,		-5.00,
345,		-15.00,		-14.15,		-8.00,
346,		-15.00,		-14.04,		-5.00,
347,		-15.00,		-14.14,		-9.00,
348,		-15.00,		-14.19,		-9.00,
349,		-15.00,		-14.18,		-9.00,
350,		-15.00,		-14.26,		-9.00,
351,		-15.00,		-14.39,		-9.00,
352,		-15.00,		-14.48,		-9.00,
353,		-15.00,		-14.46,		-10.00,
354,		-15.00,		-14.52,		-10.00,
355,		-15.00,		-14.55,		-10.00,
356,		-15.00,		-14.46,		-8.00,
357,		-15.00,		-14.56,		-8.00,
358,		-15.00,		-14.61,		-8.00,
359,		-15.00,		-14.54,		-8.00,
360,		-15.00,		-14.51,		-8.00,
361,		-15.00,		-14.60,		-8.00,
362,		-15.00,		-14.66,		-8.00,
363,		-15.00,		-14.75,		-8.00,
364,		-15.00,		-14.79,		-10.00,
365,		-15.00,		-14.69,		-9.00,
366,		-15.00,		-14.59,		-5.00,
367,		-15.00,		-14.59,		-5.00,
368,		-15.00,		-14.63,		-10.00,
369,		-15.00,		-14.59,		-9.00,
370,		-15.00,		-14.63,		-9.00,
371,		-15.00,		-14.70,		-10.00,
372,		-15.00,		-14.62,		-10.00,
373,		-15.00,		-14.59,		-10.00,
374,		-15.00,		-14.54,		-5.00,
375,		-15.00,		-14.52,		-8.00,
376,		-15.00,		-14.41,		-9.00,
377,		-15.00,		-14.38,		-9.00,
378,		-15.00,		-14.44,		-5.00,
379,		-15.00,		-14.46,		-5.00,
380,		-15.00,		-14.38,		-5.00,
381,		-15.00,		-14.31,		-8.00,
382,		-15.00,		-14.38,		-8.00,
383,		-15.00,		-14.47,		-9.00,
384,		-15.00,		-14.54,		-9.00,
385,		-15.00,		-14.60,		-10.00,
386,		-15.00,		-14.66,		-10.00,
387,		-15.00,		-14.73,		-10.00,
388,		-15.00,		-14.58,		-9.00,
389,		-15.00,		-14.48,		-10.00,
390,		-15.00,		-14.55,		-10.00,
391,		-15.00,		-14.55,		-10.00,
392,		-15.00,		-14.53,		-8.00,
393,		-15.00,		-14.39,		-6.00,
394,		-15.00,		-14.43,		-10.00,
395,		-15.00,		-14.37,		-9.00,
396,		-15.00,		-14.46,		-10.00,
397,		-15.00,		-14.45,		-10.00,
398,		-15.00,		-14.38,		-10.00,
399,		-15.00,		-14.46,		-10.00,
