GEN,		MIN,			AVE,			MAX,
0,		63.34,		72.37,		78.20,
1,		64.02,		72.59,		78.22,
2,		64.73,		72.71,		78.24,
3,		64.66,		72.84,		78.20,
4,		65.13,		72.98,		78.29,
5,		65.15,		73.24,		78.31,
6,		65.25,		73.37,		78.29,
7,		65.29,		73.57,		78.34,
8,		65.36,		73.62,		78.34,
9,		65.81,		73.63,		78.33,
10,		65.94,		73.71,		78.34,
11,		65.66,		73.88,		78.35,
12,		66.12,		74.03,		78.35,
13,		66.43,		74.19,		78.38,
14,		66.32,		74.24,		78.36,
15,		66.84,		74.33,		78.43,
16,		67.23,		74.34,		78.41,
17,		67.12,		74.42,		78.34,
18,		67.23,		74.53,		78.37,
19,		67.31,		74.64,		78.37,
20,		67.34,		74.71,		78.40,
21,		67.54,		74.82,		78.42,
22,		67.73,		74.85,		78.37,
23,		67.78,		74.95,		78.39,
24,		67.80,		75.06,		78.40,
25,		68.32,		75.16,		78.44,
26,		68.79,		75.24,		78.46,
27,		68.63,		75.29,		78.47,
28,		68.77,		75.31,		78.46,
29,		68.53,		75.38,		78.46,
30,		68.84,		75.34,		78.45,
31,		68.89,		75.43,		78.47,
32,		68.84,		75.47,		78.47,
33,		68.93,		75.53,		78.46,
34,		69.11,		75.60,		78.47,
35,		68.95,		75.57,		78.41,
36,		68.87,		75.67,		78.42,
37,		69.07,		75.69,		78.45,
38,		68.91,		75.71,		78.45,
39,		69.00,		75.71,		78.45,
40,		69.41,		75.74,		78.46,
41,		69.58,		75.78,		78.46,
42,		69.64,		75.89,		78.45,
43,		69.15,		75.89,		78.46,
44,		69.74,		75.97,		78.42,
45,		69.75,		76.00,		78.47,
46,		70.32,		75.98,		78.48,
47,		70.48,		76.05,		78.47,
48,		70.34,		76.10,		78.45,
49,		70.54,		76.09,		78.46,
50,		70.70,		76.12,		78.47,
51,		70.86,		76.15,		78.45,
52,		71.13,		76.26,		78.43,
53,		70.88,		76.26,		78.46,
54,		70.93,		76.28,		78.43,
55,		71.02,		76.33,		78.45,
56,		71.08,		76.33,		78.45,
57,		71.26,		76.35,		78.46,
58,		71.49,		76.41,		78.47,
59,		71.27,		76.46,		78.49,
60,		71.37,		76.50,		78.45,
61,		71.42,		76.54,		78.48,
62,		71.97,		76.57,		78.47,
63,		72.02,		76.61,		78.48,
64,		71.89,		76.65,		78.50,
65,		71.79,		76.64,		78.48,
66,		72.09,		76.71,		78.50,
67,		71.81,		76.68,		78.48,
68,		71.89,		76.71,		78.49,
69,		71.94,		76.70,		78.46,
70,		72.02,		76.73,		78.46,
71,		72.02,		76.75,		78.47,
72,		71.63,		76.75,		78.47,
73,		71.61,		76.76,		78.49,
74,		72.09,		76.77,		78.49,
75,		72.47,		76.78,		78.48,
76,		72.46,		76.81,		78.47,
77,		72.12,		76.83,		78.47,
78,		72.28,		76.89,		78.47,
79,		72.86,		76.90,		78.49,
80,		73.05,		76.92,		78.49,
81,		72.86,		76.91,		78.49,
82,		72.58,		76.97,		78.50,
83,		72.62,		76.97,		78.51,
84,		72.63,		76.96,		78.49,
85,		72.41,		76.96,		78.47,
86,		72.40,		76.99,		78.49,
87,		72.53,		77.01,		78.48,
88,		72.40,		77.03,		78.50,
89,		72.76,		77.06,		78.47,
90,		72.54,		77.07,		78.49,
91,		72.68,		77.12,		78.49,
92,		72.66,		77.14,		78.50,
93,		73.07,		77.19,		78.50,
94,		73.24,		77.18,		78.49,
95,		73.58,		77.16,		78.50,
96,		73.71,		77.20,		78.50,
97,		73.87,		77.20,		78.49,
98,		73.75,		77.20,		78.50,
99,		73.72,		77.20,		78.50,
100,		73.66,		77.20,		78.50,
101,		73.25,		77.21,		78.49,
102,		73.27,		77.21,		78.47,
103,		73.33,		77.19,		78.47,
104,		73.44,		77.20,		78.47,
105,		73.46,		77.23,		78.46,
106,		73.65,		77.28,		78.47,
107,		73.51,		77.30,		78.45,
108,		73.84,		77.29,		78.45,
109,		73.60,		77.28,		78.43,
110,		73.58,		77.27,		78.44,
111,		73.42,		77.28,		78.46,
112,		73.57,		77.30,		78.46,
113,		73.69,		77.32,		78.45,
114,		73.86,		77.35,		78.44,
115,		73.65,		77.34,		78.46,
116,		73.82,		77.34,		78.46,
117,		74.08,		77.34,		78.47,
118,		74.06,		77.35,		78.49,
119,		73.86,		77.36,		78.48,
120,		73.52,		77.36,		78.46,
121,		73.35,		77.36,		78.47,
122,		73.39,		77.34,		78.46,
123,		73.62,		77.33,		78.45,
124,		73.67,		77.34,		78.47,
125,		73.75,		77.35,		78.47,
126,		73.84,		77.33,		78.45,
127,		73.83,		77.32,		78.45,
128,		73.81,		77.34,		78.46,
129,		73.46,		77.36,		78.47,
130,		73.65,		77.36,		78.48,
131,		73.95,		77.39,		78.48,
132,		74.16,		77.38,		78.47,
133,		74.41,		77.40,		78.46,
134,		74.13,		77.39,		78.46,
135,		74.10,		77.39,		78.46,
136,		73.98,		77.40,		78.47,
137,		74.05,		77.43,		78.48,
138,		74.09,		77.44,		78.48,
139,		73.66,		77.44,		78.48,
140,		73.54,		77.46,		78.49,
141,		73.64,		77.46,		78.50,
142,		73.62,		77.46,		78.51,
143,		73.74,		77.46,		78.48,
144,		73.90,		77.46,		78.49,
145,		74.05,		77.45,		78.50,
146,		73.88,		77.46,		78.49,
147,		73.83,		77.42,		78.49,
148,		73.76,		77.42,		78.48,
149,		73.68,		77.42,		78.46,
150,		73.86,		77.42,		78.46,
151,		74.35,		77.46,		78.46,
152,		74.50,		77.47,		78.44,
153,		74.30,		77.47,		78.45,
154,		73.86,		77.45,		78.48,
155,		74.30,		77.45,		78.46,
156,		74.30,		77.47,		78.45,
157,		74.15,		77.47,		78.47,
158,		74.14,		77.49,		78.46,
159,		73.94,		77.47,		78.47,
160,		74.17,		77.47,		78.47,
161,		74.19,		77.46,		78.45,
162,		74.19,		77.45,		78.45,
163,		73.99,		77.43,		78.44,
164,		73.66,		77.43,		78.47,
165,		73.77,		77.41,		78.45,
166,		73.73,		77.41,		78.47,
167,		73.36,		77.41,		78.46,
168,		73.49,		77.43,		78.44,
169,		73.67,		77.42,		78.45,
170,		73.86,		77.43,		78.43,
171,		73.92,		77.43,		78.44,
172,		73.90,		77.43,		78.44,
173,		74.07,		77.43,		78.44,
174,		74.08,		77.42,		78.44,
175,		73.94,		77.39,		78.45,
176,		74.08,		77.37,		78.45,
177,		73.97,		77.37,		78.47,
178,		74.12,		77.36,		78.47,
179,		74.22,		77.41,		78.46,
180,		74.35,		77.42,		78.46,
181,		74.44,		77.43,		78.45,
182,		74.12,		77.44,		78.44,
183,		74.04,		77.42,		78.45,
184,		73.89,		77.41,		78.45,
185,		73.98,		77.40,		78.46,
186,		73.81,		77.38,		78.42,
187,		74.09,		77.40,		78.43,
188,		74.08,		77.40,		78.45,
189,		73.84,		77.39,		78.45,
190,		73.71,		77.41,		78.44,
191,		73.93,		77.43,		78.45,
192,		73.87,		77.41,		78.45,
193,		73.78,		77.42,		78.44,
194,		74.06,		77.44,		78.46,
195,		73.80,		77.45,		78.46,
196,		74.03,		77.44,		78.46,
197,		74.21,		77.45,		78.45,
198,		74.16,		77.46,		78.46,
199,		74.10,		77.45,		78.46,
