GEN,		MIN,			AVE,			MAX,
0,		0.44752,		6.27753,		15.30586,
1,		0.42737,		6.05582,		14.62046,
2,		0.40425,		5.93628,		13.91718,
3,		0.44516,		5.80703,		13.97919,
4,		0.34970,		5.66780,		13.50977,
5,		0.32898,		5.40466,		13.49281,
6,		0.35494,		5.27118,		13.39739,
7,		0.29937,		5.07549,		13.35190,
8,		0.30186,		5.02087,		13.28699,
9,		0.31133,		5.01628,		12.83098,
10,		0.30515,		4.93102,		12.70399,
11,		0.29655,		4.76198,		12.98503,
12,		0.29201,		4.61824,		12.51890,
13,		0.26456,		4.45692,		12.20903,
14,		0.28658,		4.40776,		12.32275,
15,		0.21438,		4.31315,		11.80084,
16,		0.22970,		4.29907,		11.40994,
17,		0.30042,		4.22239,		11.51877,
18,		0.27002,		4.11322,		11.41443,
19,		0.27245,		3.99964,		11.33790,
20,		0.24492,		3.92957,		11.30218,
21,		0.22326,		3.82027,		11.10408,
22,		0.27222,		3.79510,		10.91421,
23,		0.25617,		3.69723,		10.86717,
24,		0.24539,		3.58032,		10.84683,
25,		0.20681,		3.48231,		10.32001,
26,		0.18761,		3.40110,		9.85010,
27,		0.17781,		3.34995,		10.01727,
28,		0.18839,		3.33038,		9.87811,
29,		0.18619,		3.26522,		10.11671,
30,		0.19736,		3.30370,		9.80178,
31,		0.17345,		3.21037,		9.75320,
32,		0.17437,		3.17553,		9.80274,
33,		0.18000,		3.11621,		9.71337,
34,		0.16901,		3.03899,		9.53335,
35,		0.23193,		3.07010,		9.69334,
36,		0.22116,		2.96907,		9.77283,
37,		0.19813,		2.95294,		9.57335,
38,		0.19333,		2.93128,		9.73553,
39,		0.19729,		2.93014,		9.64533,
40,		0.18722,		2.90159,		9.22816,
41,		0.18290,		2.86148,		9.06021,
42,		0.19708,		2.75255,		9.00286,
43,		0.18629,		2.75149,		9.49746,
44,		0.22084,		2.67183,		8.90696,
45,		0.17512,		2.64589,		8.89514,
46,		0.16076,		2.66688,		8.32254,
47,		0.17130,		2.58854,		8.16025,
48,		0.19123,		2.53834,		8.30672,
49,		0.18011,		2.55090,		8.10486,
50,		0.17345,		2.52038,		7.94408,
51,		0.19042,		2.49076,		7.78669,
52,		0.21227,		2.38579,		7.51388,
53,		0.17861,		2.37958,		7.76270,
54,		0.21673,		2.36252,		7.70949,
55,		0.19735,		2.31214,		7.62301,
56,		0.19420,		2.31241,		7.56742,
57,		0.18011,		2.29405,		7.38344,
58,		0.17663,		2.23364,		7.15177,
59,		0.15687,		2.18443,		7.37219,
60,		0.19333,		2.14509,		7.27806,
61,		0.16521,		2.10762,		7.22480,
62,		0.17450,		2.07646,		6.67454,
63,		0.16203,		2.03566,		6.61892,
64,		0.14414,		1.99190,		6.74832,
65,		0.16569,		2.00242,		6.85398,
66,		0.14724,		1.93759,		6.55033,
67,		0.15961,		1.96526,		6.83795,
68,		0.15675,		1.92978,		6.75484,
69,		0.18486,		1.94323,		6.70779,
70,		0.18008,		1.91113,		6.62329,
71,		0.16861,		1.89607,		6.61989,
72,		0.17737,		1.89181,		7.00885,
73,		0.15384,		1.88443,		7.03189,
74,		0.15196,		1.87572,		6.55625,
75,		0.16676,		1.86175,		6.17683,
76,		0.17518,		1.83546,		6.18794,
77,		0.17506,		1.81667,		6.52232,
78,		0.16916,		1.75897,		6.36508,
79,		0.15622,		1.74053,		5.77806,
80,		0.15414,		1.72580,		5.58828,
81,		0.15515,		1.73182,		5.78259,
82,		0.14498,		1.66812,		6.06782,
83,		0.13660,		1.67709,		6.01812,
84,		0.15491,		1.68659,		6.00944,
85,		0.16837,		1.68108,		6.22836,
86,		0.15445,		1.65785,		6.24122,
87,		0.16531,		1.63359,		6.11627,
88,		0.14527,		1.61450,		6.24038,
89,		0.17003,		1.58596,		5.88079,
90,		0.14990,		1.57116,		6.09964,
91,		0.14801,		1.52160,		5.96610,
92,		0.14738,		1.50350,		5.98347,
93,		0.14185,		1.45112,		5.57002,
94,		0.14827,		1.46610,		5.39873,
95,		0.14336,		1.48489,		5.06705,
96,		0.14526,		1.44486,		4.92963,
97,		0.15215,		1.44725,		4.77314,
98,		0.14365,		1.44689,		4.89195,
99,		0.14003,		1.44572,		4.92649,
100,		0.14762,		1.43890,		4.97928,
101,		0.15285,		1.43164,		5.39290,
102,		0.16953,		1.43273,		5.37871,
103,		0.17826,		1.45612,		5.31169,
104,		0.17595,		1.44212,		5.20315,
105,		0.17855,		1.40856,		5.18080,
106,		0.17633,		1.36740,		4.99135,
107,		0.19767,		1.34047,		5.13622,
108,		0.19768,		1.35432,		4.80364,
109,		0.21357,		1.36430,		5.04611,
110,		0.20793,		1.37051,		5.06788,
111,		0.18031,		1.36100,		5.22659,
112,		0.18146,		1.34279,		5.07561,
113,		0.19416,		1.32766,		4.95646,
114,		0.20625,		1.29702,		4.78526,
115,		0.18529,		1.29901,		4.99369,
116,		0.18167,		1.30768,		4.82500,
117,		0.17384,		1.29864,		4.56091,
118,		0.15860,		1.29017,		4.58689,
119,		0.16517,		1.28076,		4.78207,
120,		0.17974,		1.28722,		5.12562,
121,		0.17469,		1.28159,		5.29118,
122,		0.18256,		1.29976,		5.25808,
123,		0.19177,		1.30885,		5.02607,
124,		0.17347,		1.29967,		4.97811,
125,		0.17054,		1.29793,		4.89448,
126,		0.19170,		1.31125,		4.80752,
127,		0.19322,		1.32345,		4.81502,
128,		0.18391,		1.29897,		4.83143,
129,		0.16898,		1.28630,		5.17928,
130,		0.16482,		1.28202,		4.99487,
131,		0.16786,		1.25342,		4.68921,
132,		0.17599,		1.26780,		4.48261,
133,		0.18438,		1.24079,		4.23864,
134,		0.17988,		1.25787,		4.51671,
135,		0.18636,		1.25135,		4.54019,
136,		0.17196,		1.24460,		4.65963,
137,		0.16375,		1.21655,		4.59260,
138,		0.16414,		1.19737,		4.55461,
139,		0.16763,		1.20366,		4.98113,
140,		0.15765,		1.18652,		5.10437,
141,		0.14820,		1.18085,		5.00047,
142,		0.13601,		1.18451,		5.01893,
143,		0.16093,		1.18090,		4.89991,
144,		0.14903,		1.18418,		4.74549,
145,		0.13865,		1.19256,		4.59122,
146,		0.15636,		1.17852,		4.76208,
147,		0.14875,		1.21813,		4.81646,
148,		0.16481,		1.22021,		4.88263,
149,		0.17876,		1.21965,		4.96418,
150,		0.18016,		1.21824,		4.78444,
151,		0.18478,		1.17925,		4.29567,
152,		0.20253,		1.17227,		4.13958,
153,		0.19573,		1.17741,		4.34210,
154,		0.15944,		1.19234,		4.78096,
155,		0.18025,		1.19129,		4.34771,
156,		0.18941,		1.17192,		4.34565,
157,		0.16877,		1.16921,		4.49433,
158,		0.18111,		1.15440,		4.50731,
159,		0.17589,		1.16969,		4.69939,
160,		0.17551,		1.17406,		4.47424,
161,		0.18907,		1.17871,		4.45347,
162,		0.19582,		1.19674,		4.44933,
163,		0.19797,		1.20979,		4.65128,
164,		0.17624,		1.21544,		4.97875,
165,		0.18904,		1.23367,		4.87565,
166,		0.17636,		1.23370,		4.91459,
167,		0.18658,		1.22817,		5.28264,
168,		0.19847,		1.21173,		5.15128,
169,		0.19448,		1.22264,		4.96844,
170,		0.20964,		1.21513,		4.78200,
171,		0.20743,		1.21758,		4.72685,
172,		0.20730,		1.21619,		4.74417,
173,		0.20090,		1.21169,		4.57473,
174,		0.20170,		1.22213,		4.56651,
175,		0.19074,		1.25617,		4.70430,
176,		0.19521,		1.27039,		4.56465,
177,		0.17435,		1.27197,		4.66879,
178,		0.17191,		1.28436,		4.52709,
179,		0.18729,		1.23673,		4.41887,
180,		0.18346,		1.22442,		4.29229,
181,		0.19657,		1.21700,		4.20737,
182,		0.20588,		1.20185,		4.52387,
183,		0.19779,		1.21796,		4.60384,
184,		0.19123,		1.23606,		4.75220,
185,		0.17918,		1.24153,		4.66237,
186,		0.21913,		1.25860,		4.83187,
187,		0.21251,		1.24729,		4.55117,
188,		0.19538,		1.24261,		4.56433,
189,		0.19208,		1.24873,		4.80124,
190,		0.20117,		1.23829,		4.93457,
191,		0.19680,		1.21174,		4.71513,
192,		0.19563,		1.23058,		4.77337,
193,		0.19836,		1.21816,		4.86628,
194,		0.18593,		1.20212,		4.58690,
195,		0.18047,		1.19050,		4.83863,
196,		0.18398,		1.19881,		4.60730,
197,		0.18770,		1.18914,		4.43121,
198,		0.18780,		1.18749,		4.47743,
199,		0.18220,		1.19283,		4.54332,
