GEN,		MIN,			AVE,			MAX,
0,		2.07901,		6.88143,		13.43322,
1,		1.30359,		6.93008,		12.95837,
2,		1.80635,		7.54865,		12.46033,
3,		1.80635,		7.69427,		14.15484,
4,		2.67986,		7.67002,		16.30894,
5,		2.43299,		7.56585,		14.30753,
6,		1.28833,		7.68472,		13.85447,
7,		1.28833,		7.51533,		15.13637,
8,		1.28833,		7.01071,		14.35562,
9,		1.91809,		7.28522,		14.35562,
10,		1.14828,		7.16645,		16.92846,
11,		1.14828,		7.00009,		15.78199,
12,		1.14828,		6.67108,		12.30050,
13,		1.92602,		6.58839,		16.28806,
14,		1.33862,		6.73045,		16.28806,
15,		1.33862,		7.23313,		16.28806,
16,		1.16515,		7.36381,		18.34921,
17,		1.16515,		7.07396,		16.52569,
18,		1.16515,		7.05409,		17.64365,
19,		1.89620,		7.52602,		17.89313,
20,		0.89921,		7.47933,		17.89313,
21,		1.70696,		6.76887,		15.50410,
22,		1.80514,		6.64082,		13.01850,
23,		0.89981,		6.21807,		13.45611,
24,		0.89981,		6.72587,		13.45611,
25,		0.95673,		6.94448,		16.39408,
26,		0.91587,		6.50644,		15.57799,
27,		0.87973,		5.65323,		13.13084,
28,		0.87973,		5.76467,		15.44558,
29,		0.87973,		5.59426,		15.13968,
30,		0.87973,		5.69833,		12.73219,
31,		0.87973,		5.59680,		16.43875,
32,		0.87973,		5.27644,		11.38131,
33,		0.93726,		4.49964,		11.43241,
34,		0.93726,		4.02354,		11.27972,
35,		0.88847,		3.70334,		10.94772,
36,		0.74109,		3.87253,		10.94772,
37,		0.74109,		3.50992,		13.49185,
38,		0.78597,		4.03522,		10.77324,
39,		0.78597,		3.91528,		10.12682,
40,		0.78597,		3.72162,		10.12682,
41,		1.00050,		4.16691,		10.12682,
42,		0.65797,		4.15515,		10.12682,
43,		0.87000,		3.63203,		10.12682,
44,		0.86979,		3.24096,		10.12682,
45,		0.86979,		3.03973,		10.18665,
46,		0.86979,		3.18806,		10.18665,
47,		0.69009,		2.97547,		9.57396,
48,		0.86979,		2.46193,		9.33975,
49,		0.86979,		2.39167,		6.09990,
50,		0.86979,		2.22208,		5.14347,
51,		0.86979,		2.29034,		5.95323,
52,		0.88636,		2.19713,		8.24708,
53,		0.87873,		1.84716,		6.06206,
54,		0.88636,		1.98808,		7.31434,
55,		0.85393,		2.16109,		7.31434,
56,		0.85393,		1.79385,		7.31434,
57,		0.85393,		1.62691,		7.31434,
58,		0.85343,		1.69677,		7.31434,
59,		0.89048,		1.66048,		6.79713,
60,		0.86979,		1.55736,		6.77855,
61,		0.82773,		1.53948,		6.76801,
62,		0.85343,		1.67844,		6.83487,
63,		0.85343,		1.68564,		6.82483,
64,		0.96908,		1.78974,		6.82483,
65,		0.96908,		1.87181,		6.82483,
66,		0.96908,		1.53809,		6.76018,
67,		0.90483,		1.24653,		6.67615,
68,		0.93535,		1.34390,		6.67615,
69,		0.90483,		1.57149,		6.67615,
70,		0.90483,		1.46563,		6.69412,
71,		0.90483,		1.21458,		6.69412,
72,		0.78918,		1.21066,		6.69412,
73,		0.86979,		1.35837,		7.67073,
74,		0.86939,		1.50021,		7.67073,
75,		0.86939,		1.37585,		7.67073,
76,		0.85393,		1.50771,		7.67073,
77,		0.89198,		1.59664,		6.69412,
78,		0.75193,		1.81585,		7.67073,
79,		0.75193,		1.67986,		6.69412,
80,		0.78918,		1.67659,		6.62987,
81,		0.76348,		1.29627,		3.60979,
82,		0.78968,		1.29145,		3.19888,
83,		0.74149,		1.22847,		3.09699,
84,		0.74149,		1.36396,		5.16265,
85,		0.74149,		1.34579,		5.16265,
86,		0.67724,		1.40203,		5.16265,
87,		0.67724,		1.19418,		3.48179,
88,		0.67724,		1.22283,		3.48179,
89,		0.66359,		1.13489,		2.91106,
90,		0.66359,		1.08474,		2.84681,
91,		0.66359,		1.05875,		2.92000,
92,		0.66359,		1.04807,		1.87311,
93,		0.66359,		1.06829,		1.99519,
94,		0.67724,		1.05471,		2.01396,
95,		0.64592,		1.07061,		2.00031,
96,		0.64592,		1.13114,		1.91096,
97,		0.64592,		1.11882,		1.99077,
98,		0.58167,		1.11532,		2.18402,
99,		0.56832,		1.11647,		1.99519,
