GEN,		MIN,			AVE,			MAX,
0,		19.47,		28.25,		37.13,
1,		19.83,		28.65,		37.13,
2,		20.20,		29.07,		37.13,
3,		21.13,		29.51,		37.43,
4,		21.17,		29.81,		37.57,
5,		21.43,		30.17,		37.90,
6,		21.83,		30.43,		37.93,
7,		21.83,		30.67,		38.07,
8,		22.47,		30.92,		38.17,
9,		22.77,		31.16,		38.33,
10,		22.87,		31.43,		38.30,
11,		22.93,		31.76,		38.43,
12,		23.60,		32.06,		38.63,
13,		23.93,		32.33,		38.77,
14,		24.37,		32.51,		38.60,
15,		24.40,		32.68,		38.80,
16,		24.87,		32.90,		38.83,
17,		25.23,		33.08,		39.10,
18,		25.60,		33.26,		39.20,
19,		25.60,		33.46,		39.23,
20,		25.33,		33.67,		39.00,
21,		25.83,		33.88,		39.17,
22,		26.07,		34.08,		39.37,
23,		26.57,		34.23,		39.50,
24,		26.40,		34.41,		39.57,
25,		26.33,		34.58,		39.63,
26,		26.60,		34.71,		39.80,
27,		27.13,		34.86,		39.80,
28,		27.13,		34.98,		39.83,
29,		28.00,		35.13,		39.93,
30,		28.07,		35.27,		39.97,
31,		28.07,		35.41,		39.97,
32,		28.20,		35.53,		40.03,
33,		28.37,		35.63,		40.03,
34,		28.37,		35.73,		40.07,
35,		28.80,		35.82,		40.07,
36,		28.67,		35.90,		40.13,
37,		29.13,		36.02,		40.10,
38,		29.17,		36.13,		40.13,
39,		29.83,		36.18,		40.00,
40,		29.53,		36.23,		40.07,
41,		29.53,		36.26,		40.17,
42,		29.83,		36.32,		40.20,
43,		29.87,		36.38,		40.23,
44,		29.87,		36.45,		40.27,
45,		29.97,		36.52,		40.27,
46,		30.10,		36.61,		40.23,
47,		30.17,		36.68,		40.20,
48,		30.27,		36.74,		40.20,
49,		30.30,		36.73,		40.23,
50,		30.17,		36.81,		40.33,
51,		30.33,		36.90,		40.30,
52,		30.73,		36.97,		40.30,
53,		30.63,		37.02,		40.30,
54,		30.67,		37.08,		40.40,
55,		30.37,		37.12,		40.40,
56,		30.47,		37.13,		40.50,
57,		30.57,		37.18,		40.40,
58,		30.90,		37.22,		40.33,
59,		30.93,		37.29,		40.37,
60,		30.87,		37.34,		40.33,
61,		31.17,		37.38,		40.30,
62,		30.93,		37.43,		40.47,
63,		31.07,		37.49,		40.47,
64,		31.23,		37.53,		40.50,
65,		31.47,		37.52,		40.40,
66,		31.80,		37.56,		40.40,
67,		31.73,		37.60,		40.40,
68,		31.97,		37.66,		40.50,
69,		31.80,		37.69,		40.47,
70,		31.70,		37.73,		40.50,
71,		31.73,		37.79,		40.40,
72,		32.00,		37.85,		40.47,
73,		32.17,		37.91,		40.43,
74,		32.27,		37.92,		40.47,
75,		32.13,		37.96,		40.50,
76,		31.87,		37.97,		40.57,
77,		32.27,		38.02,		40.50,
78,		32.10,		38.08,		40.50,
79,		32.20,		38.13,		40.47,
80,		32.30,		38.16,		40.57,
81,		32.03,		38.18,		40.57,
82,		32.30,		38.21,		40.53,
83,		32.37,		38.23,		40.53,
84,		32.43,		38.26,		40.53,
85,		33.00,		38.30,		40.57,
86,		33.17,		38.33,		40.50,
87,		32.57,		38.36,		40.50,
88,		32.83,		38.38,		40.53,
89,		33.03,		38.40,		40.50,
90,		32.87,		38.40,		40.53,
91,		33.07,		38.43,		40.57,
92,		32.87,		38.43,		40.50,
93,		32.43,		38.44,		40.57,
94,		32.53,		38.46,		40.57,
95,		32.47,		38.50,		40.57,
96,		32.60,		38.48,		40.53,
97,		32.67,		38.49,		40.57,
98,		32.67,		38.49,		40.57,
99,		32.23,		38.51,		40.57,
100,		32.47,		38.54,		40.57,
101,		32.37,		38.57,		40.57,
102,		32.77,		38.61,		40.57,
103,		33.13,		38.66,		40.57,
104,		32.73,		38.69,		40.60,
105,		32.83,		38.71,		40.60,
106,		33.10,		38.73,		40.60,
107,		33.40,		38.77,		40.57,
108,		33.10,		38.78,		40.57,
109,		33.00,		38.78,		40.60,
110,		33.03,		38.81,		40.60,
111,		33.43,		38.82,		40.60,
112,		33.07,		38.80,		40.57,
113,		33.10,		38.85,		40.57,
114,		33.33,		38.86,		40.60,
115,		33.17,		38.90,		40.57,
116,		33.87,		38.95,		40.57,
117,		34.10,		38.96,		40.57,
118,		33.70,		38.95,		40.57,
119,		33.47,		38.96,		40.57,
120,		33.63,		38.99,		40.57,
121,		33.83,		38.98,		40.57,
122,		33.90,		39.01,		40.57,
123,		33.73,		39.02,		40.60,
124,		33.53,		39.01,		40.57,
125,		33.23,		38.98,		40.57,
126,		33.13,		39.02,		40.57,
127,		33.27,		39.04,		40.60,
128,		33.20,		39.05,		40.60,
129,		33.00,		39.05,		40.60,
130,		33.17,		39.07,		40.60,
131,		33.73,		39.06,		40.60,
132,		33.33,		39.03,		40.57,
133,		33.17,		39.08,		40.57,
134,		33.33,		39.10,		40.60,
135,		33.33,		39.11,		40.60,
136,		33.40,		39.12,		40.57,
137,		33.37,		39.12,		40.57,
138,		33.53,		39.16,		40.57,
139,		33.60,		39.18,		40.57,
140,		33.80,		39.16,		40.57,
141,		33.80,		39.17,		40.57,
142,		33.90,		39.20,		40.60,
143,		33.43,		39.18,		40.57,
144,		33.43,		39.19,		40.57,
145,		33.70,		39.22,		40.57,
146,		33.87,		39.23,		40.57,
147,		33.60,		39.21,		40.60,
148,		33.67,		39.21,		40.60,
149,		33.50,		39.21,		40.60,
150,		33.57,		39.24,		40.60,
151,		33.40,		39.25,		40.60,
152,		32.93,		39.25,		40.60,
153,		33.20,		39.29,		40.60,
154,		33.47,		39.29,		40.60,
155,		33.43,		39.31,		40.60,
156,		33.70,		39.35,		40.60,
157,		34.13,		39.37,		40.60,
158,		33.67,		39.35,		40.60,
159,		33.80,		39.37,		40.60,
160,		33.23,		39.37,		40.60,
161,		32.87,		39.34,		40.60,
162,		33.33,		39.36,		40.60,
163,		33.20,		39.38,		40.60,
164,		33.10,		39.39,		40.60,
165,		33.53,		39.41,		40.60,
166,		33.43,		39.43,		40.60,
167,		33.63,		39.43,		40.60,
168,		33.77,		39.45,		40.60,
169,		33.63,		39.46,		40.60,
170,		33.77,		39.48,		40.60,
171,		33.47,		39.47,		40.60,
172,		33.50,		39.49,		40.60,
173,		33.87,		39.52,		40.60,
174,		33.87,		39.50,		40.60,
175,		33.83,		39.52,		40.60,
176,		33.77,		39.52,		40.60,
177,		33.83,		39.52,		40.60,
178,		33.37,		39.56,		40.60,
179,		33.97,		39.59,		40.60,
180,		34.03,		39.61,		40.60,
181,		33.83,		39.59,		40.60,
182,		33.70,		39.61,		40.60,
183,		34.13,		39.61,		40.60,
184,		33.73,		39.62,		40.60,
185,		33.87,		39.62,		40.60,
186,		34.07,		39.62,		40.60,
187,		33.90,		39.62,		40.60,
188,		34.03,		39.64,		40.60,
189,		34.03,		39.65,		40.60,
190,		34.03,		39.65,		40.60,
191,		33.97,		39.64,		40.60,
192,		34.23,		39.62,		40.60,
193,		34.40,		39.65,		40.60,
194,		34.30,		39.66,		40.60,
195,		33.87,		39.68,		40.60,
196,		33.57,		39.68,		40.60,
197,		33.87,		39.70,		40.60,
198,		33.73,		39.68,		40.60,
199,		33.63,		39.70,		40.60,
200,		33.93,		39.70,		40.60,
201,		33.67,		39.69,		40.60,
202,		34.20,		39.71,		40.60,
203,		34.23,		39.73,		40.60,
204,		33.93,		39.70,		40.60,
205,		33.97,		39.73,		40.60,
206,		34.20,		39.74,		40.60,
207,		34.20,		39.74,		40.60,
208,		34.07,		39.73,		40.60,
209,		34.30,		39.75,		40.60,
210,		33.90,		39.76,		40.60,
211,		33.43,		39.74,		40.60,
212,		33.57,		39.75,		40.60,
213,		33.43,		39.71,		40.60,
214,		33.73,		39.72,		40.60,
215,		33.97,		39.71,		40.60,
216,		34.00,		39.75,		40.60,
217,		33.73,		39.76,		40.60,
218,		33.33,		39.74,		40.60,
219,		33.60,		39.77,		40.60,
220,		33.37,		39.77,		40.60,
221,		33.97,		39.77,		40.60,
222,		34.17,		39.79,		40.60,
223,		34.00,		39.79,		40.60,
224,		33.60,		39.78,		40.60,
225,		33.70,		39.77,		40.60,
226,		34.10,		39.79,		40.60,
227,		34.10,		39.77,		40.60,
228,		34.07,		39.78,		40.60,
229,		34.27,		39.79,		40.60,
230,		34.30,		39.79,		40.60,
231,		34.33,		39.81,		40.60,
232,		33.87,		39.75,		40.60,
233,		33.70,		39.74,		40.60,
234,		33.60,		39.77,		40.60,
235,		33.93,		39.79,		40.60,
236,		33.93,		39.80,		40.60,
237,		33.77,		39.79,		40.60,
238,		33.93,		39.80,		40.60,
239,		34.07,		39.80,		40.60,
240,		34.00,		39.79,		40.60,
241,		33.77,		39.79,		40.60,
242,		33.90,		39.81,		40.60,
243,		33.97,		39.82,		40.60,
244,		34.10,		39.81,		40.60,
245,		33.93,		39.79,		40.60,
246,		33.87,		39.78,		40.60,
247,		33.90,		39.80,		40.60,
248,		34.10,		39.79,		40.60,
249,		34.10,		39.79,		40.60,
250,		34.13,		39.76,		40.60,
251,		34.23,		39.78,		40.60,
252,		33.70,		39.78,		40.60,
253,		33.23,		39.78,		40.60,
254,		33.70,		39.77,		40.60,
255,		33.43,		39.77,		40.60,
256,		34.00,		39.79,		40.60,
257,		34.53,		39.80,		40.60,
258,		34.30,		39.79,		40.60,
259,		34.17,		39.79,		40.60,
260,		34.40,		39.81,		40.60,
261,		34.20,		39.81,		40.60,
262,		34.17,		39.80,		40.60,
263,		33.83,		39.79,		40.60,
264,		33.70,		39.77,		40.60,
265,		33.80,		39.77,		40.60,
266,		33.70,		39.77,		40.60,
267,		33.93,		39.77,		40.60,
268,		33.83,		39.76,		40.60,
269,		33.87,		39.79,		40.60,
270,		33.70,		39.78,		40.60,
271,		33.73,		39.78,		40.60,
272,		33.97,		39.79,		40.60,
273,		34.00,		39.79,		40.60,
274,		33.77,		39.76,		40.60,
275,		33.77,		39.77,		40.60,
276,		34.03,		39.77,		40.60,
277,		34.10,		39.80,		40.60,
278,		34.23,		39.77,		40.60,
279,		34.30,		39.75,		40.60,
280,		34.23,		39.73,		40.60,
281,		34.20,		39.76,		40.60,
282,		33.93,		39.75,		40.60,
283,		33.83,		39.76,		40.60,
284,		33.80,		39.76,		40.60,
285,		33.60,		39.79,		40.60,
286,		33.53,		39.80,		40.60,
287,		33.27,		39.77,		40.60,
288,		33.83,		39.80,		40.60,
289,		33.63,		39.78,		40.60,
290,		33.83,		39.76,		40.60,
291,		33.40,		39.76,		40.60,
292,		33.67,		39.75,		40.60,
293,		33.93,		39.76,		40.60,
294,		34.17,		39.77,		40.60,
295,		34.33,		39.79,		40.60,
296,		33.90,		39.76,		40.60,
297,		33.77,		39.76,		40.60,
298,		33.93,		39.74,		40.60,
299,		33.80,		39.73,		40.60,
300,		33.73,		39.79,		40.60,
301,		34.00,		39.80,		40.60,
302,		34.03,		39.81,		40.60,
303,		33.70,		39.81,		40.60,
304,		33.43,		39.78,		40.60,
305,		33.27,		39.77,		40.60,
306,		33.80,		39.77,		40.60,
307,		33.73,		39.78,		40.60,
308,		34.30,		39.78,		40.60,
309,		34.17,		39.77,		40.60,
310,		33.63,		39.74,		40.60,
311,		34.13,		39.73,		40.60,
312,		33.77,		39.72,		40.60,
313,		33.50,		39.72,		40.60,
314,		34.10,		39.73,		40.60,
315,		33.83,		39.72,		40.60,
316,		33.77,		39.76,		40.60,
317,		33.90,		39.78,		40.60,
318,		33.60,		39.77,		40.60,
319,		33.40,		39.76,		40.60,
320,		33.63,		39.75,		40.60,
321,		33.67,		39.76,		40.60,
322,		34.23,		39.78,		40.60,
323,		34.13,		39.77,		40.60,
324,		34.07,		39.79,		40.60,
325,		33.87,		39.76,		40.60,
326,		33.87,		39.78,		40.60,
327,		33.80,		39.78,		40.60,
328,		33.73,		39.77,		40.60,
329,		33.97,		39.79,		40.60,
330,		33.90,		39.76,		40.60,
331,		33.90,		39.76,		40.60,
332,		34.03,		39.76,		40.60,
333,		34.13,		39.79,		40.60,
334,		34.17,		39.78,		40.60,
335,		33.67,		39.73,		40.60,
336,		34.00,		39.74,		40.60,
337,		34.27,		39.78,		40.60,
338,		33.80,		39.74,		40.60,
339,		33.73,		39.76,		40.60,
340,		33.87,		39.75,		40.60,
341,		33.43,		39.74,		40.60,
342,		33.57,		39.75,		40.60,
343,		33.83,		39.75,		40.60,
344,		34.07,		39.77,		40.60,
345,		34.23,		39.78,		40.60,
346,		34.27,		39.79,		40.60,
347,		34.57,		39.79,		40.60,
348,		34.00,		39.77,		40.60,
349,		34.13,		39.78,		40.60,
350,		34.23,		39.78,		40.60,
351,		34.33,		39.79,		40.60,
352,		34.17,		39.79,		40.60,
353,		33.77,		39.78,		40.60,
354,		33.73,		39.77,		40.60,
355,		33.57,		39.76,		40.60,
356,		33.43,		39.75,		40.60,
357,		33.27,		39.73,		40.60,
358,		33.63,		39.74,		40.60,
359,		33.23,		39.73,		40.60,
360,		33.67,		39.71,		40.60,
361,		34.00,		39.74,		40.60,
362,		34.03,		39.75,		40.60,
363,		34.30,		39.78,		40.60,
364,		34.20,		39.79,		40.60,
365,		34.13,		39.80,		40.60,
366,		33.87,		39.77,		40.60,
367,		33.67,		39.74,		40.60,
368,		33.97,		39.76,		40.60,
369,		33.93,		39.75,		40.60,
370,		33.73,		39.74,		40.60,
371,		33.80,		39.75,		40.60,
372,		33.87,		39.76,		40.60,
373,		34.13,		39.77,		40.60,
374,		33.63,		39.77,		40.60,
375,		34.07,		39.79,		40.60,
376,		33.87,		39.79,		40.60,
377,		34.20,		39.80,		40.60,
378,		34.37,		39.80,		40.60,
379,		34.50,		39.83,		40.60,
380,		34.53,		39.86,		40.60,
381,		33.73,		39.83,		40.60,
382,		34.37,		39.84,		40.60,
383,		34.27,		39.83,		40.60,
384,		34.40,		39.84,		40.60,
385,		34.33,		39.85,		40.60,
386,		34.67,		39.86,		40.60,
387,		34.37,		39.86,		40.60,
388,		34.30,		39.88,		40.60,
389,		34.33,		39.87,		40.60,
390,		34.30,		39.85,		40.60,
391,		34.33,		39.81,		40.60,
392,		34.00,		39.83,		40.60,
393,		34.00,		39.84,		40.60,
394,		33.97,		39.84,		40.60,
395,		34.13,		39.84,		40.60,
396,		34.17,		39.83,		40.60,
397,		34.00,		39.84,		40.60,
398,		33.90,		39.83,		40.60,
399,		34.00,		39.81,		40.60,
