GEN,		MIN,			AVE,			MAX,
0,		0.00373,		64.13607,		411.22136,
1,		0.00373,		63.33613,		391.04907,
2,		0.07904,		62.71483,		364.03059,
3,		0.07904,		64.72059,		378.23772,
4,		0.07904,		61.02840,		400.98952,
5,		0.17010,		57.74988,		370.85958,
6,		0.17512,		54.57552,		382.42778,
7,		0.06184,		54.95699,		419.36119,
8,		0.05944,		53.47054,		419.36119,
9,		0.08230,		52.74483,		419.36119,
10,		0.06312,		51.92572,		419.36119,
11,		0.07014,		51.78378,		419.36119,
12,		0.07014,		50.95643,		320.96390,
13,		0.07896,		53.81707,		384.83408,
14,		0.00409,		53.66743,		339.44381,
15,		0.11850,		49.30571,		314.40492,
16,		0.10231,		47.51131,		344.67749,
17,		0.11553,		47.83511,		319.80353,
18,		0.11553,		47.56929,		352.51469,
19,		0.00232,		49.07265,		367.31888,
20,		0.00357,		46.75600,		353.14344,
21,		0.00357,		45.01431,		353.14344,
22,		0.00357,		42.91053,		353.89188,
23,		0.00357,		39.31905,		370.27603,
24,		0.06495,		39.25346,		304.47503,
25,		0.05958,		41.26075,		304.47503,
26,		0.12805,		39.81658,		303.07455,
27,		0.11510,		39.94589,		360.43268,
28,		0.12805,		39.01686,		360.43268,
29,		0.00562,		41.59691,		359.67331,
30,		0.00124,		40.29103,		363.45115,
31,		0.00124,		39.39621,		365.73167,
32,		0.10621,		38.84039,		346.94761,
33,		0.11530,		33.46945,		284.87260,
34,		0.09445,		31.80758,		284.24576,
35,		0.07732,		31.23239,		276.85268,
36,		0.10095,		30.95795,		296.87417,
37,		0.10118,		29.89345,		294.80917,
38,		0.09991,		28.57492,		226.52438,
39,		0.01332,		27.82416,		238.65167,
40,		0.10146,		25.31384,		226.52438,
41,		0.08420,		27.24053,		245.57725,
42,		0.09917,		26.48125,		226.52438,
43,		0.09917,		24.42138,		225.84116,
44,		0.09917,		24.74385,		212.34497,
45,		0.09577,		26.67948,		375.18562,
46,		0.10469,		29.37179,		375.18562,
47,		0.00424,		30.39012,		375.18562,
48,		0.00304,		27.63925,		406.26420,
49,		0.10798,		26.50264,		221.83549,
50,		0.09937,		25.23539,		215.85667,
51,		0.06995,		25.27506,		237.85287,
52,		0.05998,		24.69730,		204.55337,
53,		0.14324,		25.08970,		204.55337,
54,		0.10995,		23.95065,		179.74527,
55,		0.14749,		24.45411,		179.74527,
56,		0.14749,		25.87982,		210.82869,
57,		0.07178,		25.66417,		217.35074,
58,		0.07178,		24.91238,		292.76360,
59,		0.11252,		24.71507,		292.76360,
60,		0.13672,		25.03475,		292.76360,
61,		0.13672,		22.40679,		292.42133,
62,		0.16013,		23.86180,		292.42133,
63,		0.13283,		21.32463,		336.50395,
64,		0.15579,		21.58535,		336.50395,
65,		0.08390,		19.95305,		336.50395,
66,		0.09644,		18.04419,		255.89215,
67,		0.09644,		18.29372,		256.84629,
68,		0.10217,		18.33776,		256.84629,
69,		0.10217,		14.94016,		222.83473,
70,		0.09300,		15.96145,		222.83473,
71,		0.09300,		16.25082,		222.83473,
72,		0.09984,		15.31749,		152.32036,
73,		0.09984,		16.29483,		228.11573,
74,		0.09771,		15.94071,		229.90934,
75,		0.09771,		16.78702,		229.90934,
76,		0.10033,		16.90904,		229.90934,
77,		0.31150,		19.18305,		281.83570,
78,		0.12171,		20.43010,		281.16426,
79,		0.26300,		23.62528,		281.16426,
80,		0.10913,		20.62288,		325.57376,
81,		0.09316,		19.71142,		236.01657,
82,		0.10967,		22.78447,		233.56407,
83,		0.00423,		22.52735,		236.53752,
84,		0.10560,		22.52301,		256.96871,
85,		0.10334,		25.04674,		278.99357,
86,		0.09686,		24.81665,		180.97127,
87,		0.08806,		24.08814,		172.96483,
88,		0.08806,		25.94512,		268.29218,
89,		0.19916,		24.31598,		328.78636,
90,		0.11238,		25.25473,		257.00779,
91,		0.12171,		24.32240,		319.28286,
92,		0.09283,		21.89812,		286.21151,
93,		0.09283,		21.70408,		224.19365,
94,		0.10447,		21.13398,		189.95790,
95,		0.13874,		20.08667,		181.51003,
96,		0.14033,		21.42092,		181.51003,
97,		0.14720,		20.87182,		182.31968,
98,		0.10816,		22.98571,		225.10602,
99,		0.09909,		22.36883,		216.77192,
100,		0.09909,		21.45100,		216.77192,
101,		0.09909,		23.49738,		235.49573,
102,		0.09909,		22.46398,		235.49573,
103,		0.09831,		23.05174,		235.49573,
104,		0.07381,		21.84358,		161.42262,
105,		0.01925,		23.74380,		176.67566,
106,		0.01925,		22.13919,		259.12587,
107,		0.13712,		23.17443,		336.75673,
108,		0.27626,		23.23665,		336.75673,
109,		0.15066,		24.38634,		336.75673,
110,		0.15066,		24.39875,		335.28955,
111,		0.15066,		22.25726,		304.44294,
112,		0.21680,		21.15435,		276.01498,
113,		0.19553,		21.73648,		276.01498,
114,		0.22828,		22.48568,		276.01498,
115,		0.29044,		20.13611,		276.01498,
116,		0.20453,		19.67844,		179.06238,
117,		0.20453,		18.47044,		271.57060,
118,		0.28879,		18.61808,		183.06034,
119,		0.23222,		17.41561,		184.67049,
120,		0.19171,		17.46442,		198.87788,
121,		0.26060,		17.03555,		212.35954,
122,		0.11866,		15.93733,		154.04205,
123,		0.11866,		17.03417,		172.96290,
124,		0.11843,		15.47445,		150.41853,
125,		0.12700,		15.36652,		148.90767,
126,		0.10390,		14.93616,		157.79024,
127,		0.10390,		16.38428,		212.34909,
128,		0.21137,		15.50425,		117.65703,
129,		0.08966,		14.61867,		200.16864,
130,		0.22289,		14.10703,		146.43215,
131,		0.12754,		14.82202,		185.50025,
132,		0.12754,		17.70234,		185.50025,
133,		0.23940,		17.90768,		185.50025,
134,		0.10743,		19.45105,		172.70865,
135,		0.18708,		18.95675,		206.56029,
136,		0.12831,		19.72617,		206.56029,
137,		0.12794,		17.62938,		225.67070,
138,		0.27025,		16.47463,		221.48201,
139,		0.31960,		16.40238,		163.27644,
140,		0.13891,		16.85794,		153.37758,
141,		0.20135,		15.56817,		138.78282,
142,		0.12713,		16.78839,		256.43631,
143,		0.12713,		16.92974,		189.05119,
144,		0.12713,		19.91313,		204.92658,
145,		0.12713,		17.50230,		204.92658,
146,		0.16339,		17.17627,		178.54135,
147,		0.09377,		17.30741,		216.92872,
148,		0.09214,		15.65036,		211.41882,
149,		0.29852,		16.76852,		178.54135,
150,		0.10776,		15.77134,		142.53103,
151,		0.20092,		16.80340,		152.54512,
152,		0.25896,		16.82710,		154.53362,
153,		0.28009,		16.11734,		154.69564,
154,		0.26758,		15.69907,		184.92769,
155,		0.26206,		18.22482,		167.89519,
156,		0.26206,		17.92135,		167.89519,
157,		0.08687,		17.95920,		188.08227,
158,		0.10548,		18.05135,		188.08227,
159,		0.10548,		17.95622,		188.08227,
160,		0.29573,		18.68670,		188.08227,
161,		0.10789,		17.69028,		288.44271,
162,		0.24386,		16.11233,		187.80796,
163,		0.05529,		16.92454,		187.80796,
164,		0.33688,		16.33819,		152.62297,
165,		0.10452,		13.58306,		128.64460,
166,		0.10443,		12.33649,		190.54463,
167,		0.11402,		12.53243,		108.97528,
168,		0.23710,		14.31054,		125.36864,
169,		0.11712,		13.41910,		171.46194,
170,		0.23710,		12.14398,		188.44503,
171,		0.15943,		12.67908,		104.60770,
172,		0.11906,		12.38334,		104.60770,
173,		0.33946,		12.56429,		111.87724,
174,		0.34890,		13.42727,		113.54574,
175,		0.08421,		12.85053,		97.61465,
176,		0.32034,		12.45190,		154.80697,
177,		0.20895,		11.07179,		110.65764,
178,		0.20895,		12.77272,		210.27579,
179,		0.20895,		11.46546,		102.80036,
180,		0.20895,		11.30172,		149.47913,
181,		0.13770,		11.67443,		147.54445,
182,		0.19685,		12.31124,		201.63674,
183,		0.19685,		12.77292,		166.85757,
184,		0.19685,		13.78230,		166.85757,
185,		0.35556,		14.15631,		166.34728,
186,		0.27239,		12.31752,		166.34728,
187,		0.32200,		12.58945,		148.02431,
188,		0.31283,		11.81104,		147.30482,
189,		0.10813,		12.30002,		147.30482,
190,		0.10477,		13.51420,		154.58086,
191,		0.27112,		13.19487,		152.62297,
192,		0.26973,		12.87270,		87.87733,
193,		0.40837,		13.63528,		104.80849,
194,		0.10284,		12.21412,		102.40737,
195,		0.25948,		12.60465,		105.21588,
196,		0.25948,		12.60117,		105.21588,
197,		0.36701,		11.95557,		105.21588,
198,		0.09818,		12.28682,		105.21588,
199,		0.40829,		12.34117,		199.06819,
200,		0.40829,		11.82364,		200.46848,
201,		0.13271,		12.03467,		200.46848,
202,		0.15075,		12.52774,		200.46848,
203,		0.15075,		11.87358,		88.80090,
204,		0.15075,		10.93910,		240.34114,
205,		0.18258,		10.22508,		240.34114,
206,		0.30496,		9.86729,		130.10465,
207,		0.42772,		9.38480,		99.24015,
208,		0.41665,		8.41339,		102.81475,
209,		0.34344,		8.52615,		102.81475,
210,		0.26811,		8.41472,		100.22167,
211,		0.33531,		8.38153,		75.46293,
212,		0.26834,		8.17334,		119.61605,
213,		0.26900,		9.11661,		104.94033,
214,		0.26687,		9.80472,		104.53881,
215,		0.22910,		11.22501,		130.52497,
216,		0.16655,		11.26383,		132.79820,
217,		0.15438,		10.89418,		132.79820,
218,		0.22910,		10.51363,		101.22174,
219,		0.19720,		10.88622,		102.88597,
220,		0.15020,		10.03893,		101.22174,
221,		0.16432,		10.70692,		144.35715,
222,		0.10909,		10.25471,		85.69453,
223,		0.11380,		9.99632,		95.65282,
224,		0.11010,		11.12913,		99.62275,
225,		0.26706,		12.31021,		99.62275,
226,		0.11433,		11.13559,		99.62275,
227,		0.26557,		10.64753,		101.94825,
228,		0.26195,		12.03475,		106.22177,
229,		0.43601,		12.11593,		106.22177,
230,		0.26816,		11.26741,		227.47425,
231,		0.26816,		10.99948,		150.44607,
232,		0.29662,		11.24795,		217.92834,
233,		0.17153,		11.96110,		122.39527,
234,		0.01314,		11.46547,		98.84445,
235,		0.25986,		10.07587,		94.98492,
236,		0.25986,		9.01003,		103.28647,
237,		0.26322,		9.72930,		131.34263,
238,		0.26322,		8.69853,		135.34059,
239,		0.26293,		8.75164,		83.53322,
240,		0.17045,		8.96520,		83.53322,
241,		0.10405,		9.29260,		88.25511,
242,		0.25242,		8.39527,		87.60165,
243,		0.27247,		9.01403,		87.52200,
244,		0.27247,		9.57039,		146.43654,
245,		0.27042,		10.66290,		125.99421,
246,		0.27247,		10.58868,		102.04805,
247,		0.26206,		11.83523,		125.43267,
248,		0.26362,		10.37310,		125.43267,
249,		0.26670,		11.84788,		224.46813,
250,		0.26620,		12.47787,		228.47809,
251,		0.26670,		11.10368,		152.04098,
252,		0.27018,		10.55292,		214.88575,
253,		0.26000,		9.61598,		162.30527,
254,		0.26035,		8.88440,		163.81936,
255,		0.26507,		9.58862,		163.81936,
256,		0.26468,		9.38663,		111.04081,
257,		0.26000,		8.76265,		102.43534,
258,		0.22686,		9.83409,		132.56666,
259,		0.26708,		10.45498,		131.20175,
260,		0.17506,		10.51923,		184.67095,
261,		0.17168,		11.66508,		147.05339,
262,		0.33469,		12.78416,		221.05163,
263,		0.31844,		11.52066,		201.18783,
264,		0.26557,		10.34352,		224.65074,
265,		0.27587,		10.57815,		180.64261,
266,		0.34175,		11.03885,		168.22609,
267,		0.34152,		10.39580,		126.18823,
268,		0.34152,		9.90747,		126.18823,
269,		0.31904,		9.25494,		142.59081,
270,		0.32864,		9.40703,		117.99559,
271,		0.34344,		8.67844,		117.99559,
272,		0.28244,		9.16798,		151.31685,
273,		0.26035,		8.99972,		113.00783,
274,		0.26268,		9.46838,		127.86461,
275,		0.25789,		9.99063,		106.69189,
276,		0.26415,		9.63794,		142.88184,
277,		0.25883,		9.28280,		149.35412,
278,		0.30816,		9.48323,		156.78043,
279,		0.30816,		9.38032,		133.14411,
280,		0.27700,		8.82672,		133.14411,
281,		0.26477,		9.20883,		136.64182,
282,		0.26477,		8.86273,		133.14411,
283,		0.26267,		9.84722,		133.14411,
284,		0.26267,		10.55508,		140.33789,
285,		0.24744,		10.30908,		102.40737,
286,		0.02735,		11.00564,		98.40141,
287,		0.02735,		10.34204,		98.40141,
288,		0.02735,		10.89310,		86.41567,
289,		0.02735,		11.54352,		112.36648,
290,		0.05020,		11.81541,		125.64540,
291,		0.05020,		11.94239,		139.64993,
292,		0.05020,		11.58020,		150.82153,
293,		0.05020,		12.77912,		150.82153,
294,		0.02072,		13.58102,		151.17933,
295,		0.02072,		13.22291,		131.08475,
296,		0.26000,		13.52087,		150.93669,
297,		0.28631,		13.30881,		150.93669,
298,		0.27082,		14.34621,		183.41917,
299,		0.27082,		13.01656,		179.68134,
300,		0.26394,		12.62227,		179.68134,
301,		0.26394,		11.60807,		179.68134,
302,		0.24478,		11.42465,		149.27417,
303,		0.26845,		11.17089,		125.37712,
304,		0.17115,		11.03650,		129.30781,
305,		0.17115,		10.26398,		125.37712,
306,		0.07099,		11.47346,		155.71070,
307,		0.12171,		11.28148,		155.71070,
308,		0.04224,		11.12919,		121.22052,
309,		0.04224,		11.91567,		154.68412,
310,		0.18518,		12.27720,		127.71711,
311,		0.05424,		11.86318,		119.63554,
312,		0.01625,		12.62107,		100.97505,
313,		0.02980,		11.98757,		100.35666,
314,		0.08656,		13.26530,		120.85690,
315,		0.27042,		13.76725,		120.85690,
316,		0.26843,		14.38466,		153.18172,
317,		0.25397,		14.21190,		161.71724,
318,		0.19782,		14.29836,		130.05534,
319,		0.11850,		14.88394,		114.88654,
320,		0.04524,		13.18073,		114.88654,
321,		0.04524,		12.66096,		114.88654,
322,		0.07099,		12.13313,		96.04708,
323,		0.11449,		12.50064,		96.04708,
324,		0.07984,		13.45978,		154.67117,
325,		0.14039,		12.50389,		96.04708,
326,		0.14039,		11.23663,		114.88654,
327,		0.14039,		12.23014,		150.08521,
328,		0.14039,		12.96610,		106.24239,
329,		0.25803,		12.88033,		149.59533,
330,		0.25610,		12.80901,		156.02618,
331,		0.25610,		13.36758,		153.86584,
332,		0.10118,		15.07323,		153.86584,
333,		0.01592,		15.11849,		209.77473,
334,		0.01592,		14.03300,		115.41142,
335,		0.01592,		13.78813,		88.45492,
336,		0.01592,		13.70805,		141.78123,
337,		0.01592,		14.37205,		215.87639,
338,		0.02231,		15.63808,		215.87639,
339,		0.02231,		13.93648,		215.87639,
340,		0.03393,		14.92139,		215.87639,
341,		0.04245,		16.00933,		177.12189,
342,		0.03304,		14.82185,		189.83952,
343,		0.02851,		14.82826,		143.26625,
344,		0.01789,		15.24361,		119.39022,
345,		0.01678,		15.31018,		119.39022,
346,		0.01678,		15.64525,		155.74059,
347,		0.22812,		15.39716,		98.71752,
348,		0.24749,		14.94076,		98.71752,
349,		0.21279,		12.37868,		103.95749,
350,		0.19814,		13.34909,		178.16037,
351,		0.19814,		13.98799,		141.64589,
352,		0.14682,		14.98125,		163.06395,
353,		0.20282,		15.13704,		209.06653,
354,		0.26790,		16.50285,		232.03950,
355,		0.12833,		16.58640,		226.04229,
356,		0.12833,		18.52013,		226.04229,
357,		0.11811,		16.96085,		156.78131,
358,		0.12833,		17.76006,		307.21456,
359,		0.13623,		16.49387,		164.64912,
360,		0.09709,		17.30172,		164.64912,
361,		0.27957,		16.89751,		168.64038,
362,		0.20160,		15.35656,		224.39680,
363,		0.26942,		15.10843,		224.39680,
364,		0.28555,		16.95657,		224.39680,
365,		0.22359,		15.84556,		222.24219,
366,		0.12643,		15.21678,		167.87103,
367,		0.13124,		16.24990,		222.51252,
368,		0.20930,		16.04950,		229.06827,
369,		0.12754,		14.72435,		219.13185,
370,		0.06457,		15.07008,		212.08083,
371,		0.29024,		15.75279,		193.50449,
372,		0.29024,		16.37731,		192.67877,
373,		0.12644,		16.84112,		153.86584,
374,		0.26942,		15.83000,		152.38029,
375,		0.26121,		15.89969,		306.08092,
376,		0.10625,		16.22776,		155.79830,
377,		0.10921,		16.24068,		155.79830,
378,		0.10921,		16.19255,		152.13549,
379,		0.10763,		15.09231,		162.21135,
380,		0.10275,		14.61998,		101.03281,
381,		0.10921,		15.32084,		101.62499,
382,		0.10763,		15.18978,		201.79619,
383,		0.10275,		13.39581,		138.58410,
384,		0.10275,		13.05780,		137.88862,
385,		0.01927,		14.11287,		171.43580,
386,		0.26394,		14.36063,		130.95643,
387,		0.28269,		14.20105,		131.11250,
388,		0.28269,		13.83974,		80.27594,
389,		0.28269,		14.56866,		183.71907,
390,		0.22727,		14.10117,		143.48289,
391,		0.13646,		13.00450,		143.48289,
392,		0.09011,		14.05910,		207.96318,
393,		0.08712,		14.59238,		216.91849,
394,		0.10246,		17.59235,		222.84486,
395,		0.14101,		17.35569,		223.14096,
396,		0.11209,		15.46717,		234.21798,
397,		0.07011,		17.23815,		234.21798,
398,		0.06492,		16.74420,		224.22129,
399,		0.07011,		19.35149,		235.13758,
400,		0.07011,		17.57961,		228.15842,
401,		0.10828,		17.66616,		224.22129,
402,		0.06006,		18.58347,		226.92604,
403,		0.01823,		17.17855,		223.62244,
404,		0.00423,		19.09795,		233.61572,
405,		0.00423,		18.46893,		233.61572,
406,		0.00027,		17.90215,		230.89505,
407,		0.00027,		19.37467,		230.89505,
408,		0.05526,		20.04438,		230.89505,
409,		0.02104,		17.94436,		109.34892,
410,		0.00212,		20.40764,		224.47903,
411,		0.04631,		19.20412,		112.49408,
412,		0.05073,		16.96072,		129.57240,
413,		0.05073,		16.92214,		114.95425,
414,		0.00725,		17.04400,		123.35401,
415,		0.00725,		16.86765,		175.34459,
416,		0.00725,		16.17274,		193.66373,
417,		0.01567,		14.89840,		178.00425,
418,		0.08448,		14.97230,		102.10924,
419,		0.34395,		15.09912,		97.58611,
420,		0.17314,		15.53508,		102.18449,
421,		0.10434,		14.70449,		104.00227,
422,		0.03353,		16.29182,		127.95949,
423,		0.03353,		16.26061,		128.85205,
424,		0.25928,		16.63120,		127.51440,
425,		0.27180,		17.70285,		155.81097,
426,		0.30728,		18.73072,		127.51440,
427,		0.30755,		18.89989,		126.83733,
428,		0.07567,		18.91782,		126.83733,
429,		0.18150,		19.23667,		114.46336,
430,		0.05998,		19.53956,		123.75884,
431,		0.05998,		18.62917,		115.87145,
432,		0.07557,		17.79609,		297.82357,
433,		0.00423,		17.76524,		119.54844,
434,		0.33303,		18.52215,		99.94813,
435,		0.19113,		18.24144,		97.23253,
436,		0.11966,		16.54825,		123.45155,
437,		0.30827,		18.06197,		153.54928,
438,		0.01763,		18.27533,		158.76296,
439,		0.25796,		17.20057,		158.25829,
440,		0.25796,		16.46615,		135.80363,
441,		0.26790,		16.12551,		143.24409,
442,		0.26446,		16.92283,		142.77223,
443,		0.26446,		17.65820,		129.97721,
444,		0.25796,		16.79310,		132.81702,
445,		0.23804,		16.41917,		133.04425,
446,		0.27718,		15.69127,		95.77617,
447,		0.27718,		14.53482,		106.30649,
448,		0.27718,		14.49945,		95.27129,
449,		0.27718,		14.33446,		95.27129,
450,		0.27718,		16.48665,		169.31475,
451,		0.26955,		15.24287,		169.57231,
452,		0.28668,		15.23951,		172.67862,
453,		0.21619,		14.62706,		128.52139,
454,		0.15234,		14.94186,		128.52139,
455,		0.30458,		14.08170,		100.39214,
456,		0.14596,		13.81545,		100.39214,
457,		0.26295,		14.99854,		113.88446,
458,		0.26295,		15.11067,		103.83684,
459,		0.26295,		14.83163,		103.83684,
460,		0.16200,		15.11123,		103.83684,
461,		0.26893,		15.33159,		132.06174,
462,		0.09408,		14.44371,		128.79614,
463,		0.26325,		14.92989,		103.68507,
464,		0.20881,		16.14280,		103.68507,
465,		0.15420,		14.48578,		103.39719,
466,		0.22994,		15.27570,		103.48025,
467,		0.20897,		14.88217,		91.67848,
468,		0.17428,		14.09144,		95.68678,
469,		0.17428,		13.33992,		104.94060,
470,		0.26719,		14.23974,		97.22966,
471,		0.33679,		14.14677,		97.22966,
472,		0.32506,		14.31732,		96.28290,
473,		0.32506,		14.12080,		91.33055,
474,		0.28577,		13.15848,		91.33055,
475,		0.10983,		13.12625,		97.92385,
476,		0.10983,		13.42977,		98.31889,
477,		0.10983,		13.76582,		104.65049,
478,		0.10983,		14.23999,		101.50715,
479,		0.12226,		14.01755,		93.28223,
480,		0.13513,		13.79319,		92.87254,
481,		0.14147,		14.57325,		92.87254,
482,		0.14238,		14.45832,		119.12116,
483,		0.16147,		13.71723,		90.59622,
484,		0.09976,		13.23287,		94.95257,
485,		0.11438,		13.04465,		81.68736,
486,		0.17140,		12.76665,		81.32941,
487,		0.19185,		12.42545,		89.09189,
488,		0.31841,		13.17141,		95.96436,
489,		0.26914,		12.62665,		87.96791,
490,		0.24201,		12.59187,		88.34038,
491,		0.09591,		12.10384,		88.34038,
492,		0.27139,		12.49712,		96.44767,
493,		0.28555,		13.92575,		116.66863,
494,		0.33619,		13.14054,		193.20475,
495,		0.33619,		13.26682,		103.44116,
496,		0.22244,		13.26057,		99.33021,
497,		0.32615,		12.62183,		99.33021,
498,		0.11513,		12.74899,		139.08258,
499,		0.21082,		12.93502,		102.45942,
500,		0.19813,		12.53602,		98.53953,
501,		0.23514,		12.83195,		98.53953,
502,		0.23514,		13.06424,		95.99193,
503,		0.21645,		12.65424,		194.18316,
504,		0.10443,		13.27067,		189.79080,
505,		0.25789,		13.81576,		193.66165,
506,		0.15668,		12.53824,		94.99092,
507,		0.15668,		12.66987,		96.79266,
508,		0.26792,		14.30263,		99.78032,
509,		0.28198,		14.43101,		103.16979,
510,		0.28198,		15.03211,		103.16979,
511,		0.43648,		14.19716,		114.68436,
512,		0.13050,		14.67538,		104.63280,
513,		0.13050,		14.37796,		104.65049,
514,		0.12487,		13.84528,		100.06256,
515,		0.12487,		13.83039,		92.11723,
516,		0.33855,		14.62469,		90.12650,
517,		0.33855,		13.47731,		85.87790,
518,		0.33855,		13.11110,		101.59119,
519,		0.12844,		13.13007,		101.59119,
520,		0.12844,		12.14848,		89.30759,
521,		0.12844,		12.21997,		91.35729,
522,		0.13028,		11.30395,		86.47951,
523,		0.15771,		11.61372,		97.38974,
524,		0.11748,		11.64373,		97.38974,
525,		0.29484,		12.51456,		98.16873,
526,		0.25389,		11.84441,		98.16873,
527,		0.30645,		11.65099,		205.71532,
528,		0.24535,		11.06467,		96.47241,
529,		0.33639,		10.63468,		96.64850,
530,		0.43120,		10.13653,		90.40700,
531,		0.52268,		9.78127,		43.28310,
532,		0.55726,		9.56979,		131.14517,
533,		0.48849,		9.87882,		131.14517,
534,		0.46651,		10.08361,		131.14517,
535,		0.42284,		10.03870,		77.28109,
536,		0.42284,		10.86420,		123.59146,
537,		0.42844,		10.61814,		93.89340,
538,		0.42549,		11.90033,		99.08285,
539,		0.42268,		11.92354,		91.34331,
540,		0.43514,		12.05280,		91.59019,
541,		0.43514,		11.41766,		91.19524,
542,		0.27034,		11.56660,		97.58644,
543,		0.50414,		12.22891,		97.58644,
544,		0.27347,		12.32158,		99.77040,
545,		0.49534,		12.22168,		100.96761,
546,		0.50048,		12.95085,		105.21461,
547,		0.28577,		12.36456,		105.35869,
548,		0.28577,		12.49584,		105.35869,
549,		0.39807,		12.27908,		103.81995,
550,		0.29171,		12.10937,		101.22455,
551,		0.34437,		13.55146,		103.93321,
552,		0.34437,		15.34213,		109.18590,
553,		0.34437,		13.81874,		111.31018,
554,		0.34127,		13.65461,		102.97898,
555,		0.45968,		13.57176,		104.74657,
556,		0.25636,		14.08972,		104.74657,
557,		0.29046,		13.17653,		104.38655,
558,		0.21572,		12.86915,		137.66670,
559,		0.26102,		12.95977,		103.64387,
560,		0.43669,		12.48203,		118.37234,
561,		0.23983,		12.07783,		118.37234,
562,		0.23983,		11.61769,		103.81995,
563,		0.18549,		11.90637,		103.81995,
564,		0.28241,		11.33538,		100.95107,
565,		0.10021,		10.88853,		101.09914,
566,		0.40607,		11.25587,		62.98802,
567,		0.46825,		10.59533,		90.26293,
568,		0.40390,		10.19462,		90.40700,
569,		0.35681,		10.71267,		90.59622,
570,		0.64239,		10.98997,		90.40700,
571,		0.64239,		10.51673,		54.76512,
572,		0.39279,		10.60267,		54.91183,
573,		0.39279,		10.99160,		53.59868,
574,		0.61886,		11.33430,		57.59356,
575,		0.49995,		11.41413,		57.59356,
576,		0.49995,		11.10062,		93.57878,
577,		0.26014,		10.70945,		57.59356,
578,		0.43542,		11.76566,		65.43327,
579,		0.43542,		12.80401,		98.02418,
580,		0.54326,		12.29974,		98.02418,
581,		0.25681,		11.64872,		134.36737,
582,		0.25681,		11.56577,		134.36737,
583,		0.25714,		10.52699,		50.94678,
584,		0.33501,		10.22916,		50.94678,
585,		0.34352,		10.05024,		41.82608,
586,		0.27912,		9.85446,		63.71268,
587,		0.27912,		9.89992,		60.20641,
588,		0.33068,		9.70083,		60.35716,
589,		0.33528,		9.16162,		60.35716,
590,		0.27085,		8.94379,		57.91341,
591,		0.27085,		8.74111,		57.91341,
592,		0.51857,		8.16338,		57.46149,
593,		0.53920,		8.91218,		89.08191,
594,		0.32068,		9.06233,		59.40613,
595,		0.28953,		8.86126,		59.18181,
596,		0.28953,		9.13074,		59.18181,
597,		0.27303,		10.21716,		59.34801,
598,		0.28953,		9.84862,		59.36190,
599,		0.27085,		10.19604,		59.36190,
600,		0.27085,		10.80196,		102.76581,
601,		0.27085,		10.11943,		78.07297,
602,		0.27085,		10.03695,		78.07297,
603,		0.27085,		10.42797,		62.39376,
604,		0.28175,		10.66766,		62.39376,
605,		0.28175,		9.98039,		60.72193,
606,		0.34723,		9.99931,		57.92678,
607,		0.32626,		10.16540,		57.92678,
608,		0.32068,		10.12255,		55.46927,
609,		0.32068,		9.28441,		55.46927,
610,		0.32068,		8.52229,		55.46927,
611,		0.26792,		8.75471,		101.10096,
612,		0.27039,		8.47941,		54.37201,
613,		0.27039,		8.24563,		58.46044,
614,		0.29737,		8.30327,		58.46044,
615,		0.27018,		8.40153,		58.66667,
616,		0.27041,		8.17467,		49.63025,
617,		0.26918,		8.35937,		49.24280,
618,		0.26918,		8.65423,		49.55107,
619,		0.26918,		7.96059,		56.48004,
620,		0.25513,		8.20890,		54.62844,
621,		0.32877,		7.39947,		54.85141,
622,		0.31968,		7.89425,		97.20116,
623,		0.25854,		8.01317,		97.39760,
624,		0.25854,		7.48836,		97.39760,
625,		0.25854,		7.97305,		98.18533,
626,		0.33161,		8.33509,		98.18533,
627,		0.27162,		7.87209,		91.48096,
628,		0.33199,		7.91214,		74.01661,
629,		0.33252,		8.30796,		86.56949,
630,		0.32877,		8.23862,		86.56949,
631,		0.27139,		8.63770,		74.69880,
632,		0.26955,		8.20860,		63.47206,
633,		0.25579,		8.87926,		80.24652,
634,		0.04924,		8.89050,		74.80754,
635,		0.04924,		9.31718,		74.04226,
636,		0.25681,		9.62879,		74.04226,
637,		0.32663,		9.77592,		101.68421,
638,		0.25827,		9.93710,		102.17469,
639,		0.25681,		9.64638,		102.17469,
640,		0.25681,		8.96127,		100.77911,
641,		0.18031,		9.10524,		85.02034,
642,		0.25681,		9.09259,		85.38869,
643,		0.26051,		9.05447,		85.38869,
644,		0.25827,		9.04195,		100.35161,
645,		0.26955,		9.28163,		100.35161,
646,		0.26955,		10.24725,		100.35161,
647,		0.15214,		11.56674,		100.55123,
648,		0.27034,		10.19994,		100.90266,
649,		0.26955,		11.43828,		100.90266,
650,		0.27980,		11.59677,		100.90266,
651,		0.27145,		12.36067,		104.12813,
652,		0.33091,		11.66733,		104.12813,
653,		0.33619,		12.11283,		104.12813,
654,		0.32828,		12.44939,		116.25788,
655,		0.32506,		11.31649,		87.11065,
656,		0.34041,		10.14586,		65.73943,
657,		0.28966,		9.00709,		65.77362,
658,		0.15077,		8.33670,		69.37478,
659,		0.28985,		8.37112,		86.96811,
660,		0.32717,		7.92265,		86.05923,
661,		0.33091,		8.67186,		86.05923,
662,		0.26942,		8.72648,		87.22752,
663,		0.25789,		8.13012,		70.30849,
664,		0.29134,		7.66565,		68.80181,
665,		0.29134,		8.43169,		94.48401,
666,		0.29245,		8.62562,		94.48401,
667,		0.27268,		8.70143,		71.13976,
668,		0.29669,		8.43428,		75.75888,
669,		0.33719,		8.47373,		89.62426,
670,		0.28133,		8.95923,		88.49906,
671,		0.28133,		9.11383,		88.49906,
672,		0.28133,		8.25085,		83.20733,
673,		0.28133,		9.68846,		83.20733,
674,		0.26014,		8.85260,		82.67401,
675,		0.28198,		8.94106,		82.49664,
676,		0.26017,		9.20091,		128.55036,
677,		0.28613,		9.35888,		83.21783,
678,		0.26790,		9.33894,		134.77309,
679,		0.26790,		9.40960,		95.80206,
680,		0.26790,		8.59668,		86.25440,
681,		0.26790,		8.35617,		86.25440,
682,		0.26330,		8.21681,		86.25440,
683,		0.26330,		9.04277,		102.44213,
684,		0.27018,		8.11404,		80.09286,
685,		0.25782,		7.93224,		78.31019,
686,		0.25782,		7.14148,		78.31019,
687,		0.25782,		7.06242,		72.38603,
688,		0.26017,		6.96667,		70.07361,
689,		0.26790,		6.90288,		134.58251,
690,		0.27955,		6.59990,		57.50327,
691,		0.29616,		6.61029,		57.98748,
692,		0.29616,		6.24147,		114.36865,
693,		0.33091,		6.00658,		68.80006,
694,		0.26942,		6.20342,		53.66217,
695,		0.26545,		5.76373,		53.66217,
696,		0.26942,		5.40783,		44.79582,
697,		0.26942,		5.26632,		47.25869,
698,		0.26942,		5.46321,		76.28864,
699,		0.29046,		5.61965,		76.28864,
700,		0.30442,		5.78295,		79.69790,
701,		0.30442,		5.42903,		79.69790,
702,		0.25593,		6.02594,		88.12596,
703,		0.25593,		6.04554,		88.12596,
704,		0.25593,		6.04870,		86.83446,
705,		0.28941,		6.71997,		78.10475,
706,		0.28941,		6.41808,		78.10475,
707,		0.25626,		5.68983,		72.13838,
708,		0.25789,		5.52411,		77.95161,
709,		0.25789,		5.55005,		91.27053,
710,		0.25789,		5.70350,		91.27053,
711,		0.25789,		6.09325,		91.08045,
712,		0.25789,		6.40106,		77.57697,
713,		0.30755,		5.61782,		55.89962,
714,		0.26819,		5.42374,		73.54866,
715,		0.27859,		5.54266,		65.12982,
716,		0.29153,		5.90442,		65.29140,
717,		0.34681,		6.20702,		60.90893,
718,		0.34088,		5.15927,		80.27178,
719,		0.29245,		5.53243,		66.87849,
720,		0.31015,		5.88036,		81.92120,
721,		0.33252,		6.62180,		81.74204,
722,		0.32944,		6.89260,		81.74204,
723,		0.31606,		6.20638,		81.74204,
724,		0.29523,		5.61191,		82.93108,
725,		0.29925,		6.02367,		84.63991,
726,		0.33252,		6.16999,		84.63991,
727,		0.05427,		6.05191,		84.63991,
728,		0.29716,		5.61318,		70.00448,
729,		0.27585,		5.89701,		70.00448,
730,		0.26014,		5.59410,		97.21762,
731,		0.26014,		6.11185,		97.21762,
732,		0.28337,		7.19399,		77.78616,
733,		0.26415,		5.98366,		74.40173,
734,		0.33199,		6.18457,		65.90788,
735,		0.33199,		6.35842,		118.39046,
736,		0.34700,		6.95078,		118.39046,
737,		0.34700,		7.18129,		118.39046,
738,		0.29084,		5.99682,		109.83789,
739,		0.30055,		5.88375,		109.83789,
740,		0.25992,		5.02491,		109.83789,
741,		0.08573,		5.14947,		109.83789,
742,		0.25586,		5.83293,		103.48323,
743,		0.25626,		5.70778,		61.32328,
744,		0.33199,		5.59527,		61.32328,
745,		0.33199,		5.86793,		78.77325,
746,		0.38976,		6.15577,		61.22162,
747,		0.32695,		6.00045,		61.95097,
748,		0.32695,		4.80905,		44.69103,
749,		0.32695,		5.12106,		75.65615,
750,		0.26520,		5.27657,		45.06634,
751,		0.25928,		5.16642,		46.43556,
752,		0.33252,		5.62580,		52.66065,
753,		0.32973,		6.17733,		55.84646,
754,		0.26014,		6.10619,		62.21766,
755,		0.25928,		6.16056,		90.45785,
756,		0.33167,		6.10339,		81.82840,
757,		0.29608,		6.35258,		81.82840,
758,		0.26955,		5.49864,		81.82840,
759,		0.30055,		5.63291,		91.47302,
760,		0.32877,		5.88415,		91.47302,
761,		0.29608,		5.20330,		82.00517,
762,		0.26545,		5.81026,		82.35931,
763,		0.29245,		5.95058,		85.22124,
764,		0.26520,		5.70535,		85.22124,
765,		0.26415,		5.72366,		85.22124,
766,		0.26415,		6.28723,		93.67355,
767,		0.26330,		6.04696,		83.40015,
768,		0.26330,		5.73251,		83.22182,
769,		0.26790,		5.63176,		89.21219,
770,		0.25789,		5.76973,		99.64371,
771,		0.26330,		4.85587,		82.31040,
772,		0.28129,		4.87742,		67.28153,
773,		0.29827,		4.64281,		52.83287,
774,		0.25928,		4.88746,		67.67252,
775,		0.25928,		5.17545,		67.67252,
776,		0.26014,		5.44307,		87.94341,
777,		0.25789,		5.71612,		100.03549,
778,		0.25789,		5.51918,		88.49470,
779,		0.26119,		6.18028,		88.49470,
780,		0.26790,		6.28596,		88.49470,
781,		0.26955,		6.80614,		87.94341,
782,		0.25815,		7.49994,		101.23559,
783,		0.31968,		7.54018,		169.94778,
784,		0.26014,		8.17470,		186.58353,
785,		0.25815,		7.38621,		176.98009,
786,		0.25815,		7.25092,		177.50681,
787,		0.25815,		8.23771,		172.79518,
788,		0.33622,		8.81538,		211.28816,
789,		0.33622,		7.96755,		173.83660,
790,		0.25681,		7.86502,		173.83660,
791,		0.29084,		8.21512,		165.84935,
792,		0.29047,		9.00489,		223.12642,
793,		0.25586,		9.32877,		178.29839,
794,		0.29047,		10.02149,		298.08956,
795,		0.25681,		12.16734,		223.42376,
796,		0.25861,		11.05391,		237.90151,
797,		0.25861,		10.98980,		178.29839,
798,		0.25861,		10.62281,		183.89441,
799,		0.29657,		11.10670,		183.89441,
800,		0.29657,		10.47632,		195.34450,
801,		0.29657,		10.61541,		114.44295,
802,		0.28286,		10.43860,		218.97750,
803,		0.28286,		11.26022,		218.97750,
804,		0.26955,		9.49637,		295.10395,
805,		0.24959,		8.41994,		123.49210,
806,		0.24959,		7.94855,		178.03433,
807,		0.28286,		7.76488,		149.04658,
808,		0.24287,		7.98991,		149.04658,
809,		0.26684,		6.54189,		149.04658,
810,		0.28286,		7.30745,		75.27553,
811,		0.38624,		7.06202,		77.97539,
812,		0.28286,		6.72706,		77.97539,
813,		0.27980,		7.29640,		78.14786,
814,		0.30120,		7.70218,		61.55158,
815,		0.30120,		7.48546,		82.71424,
816,		0.30120,		7.54647,		113.64300,
817,		0.32711,		7.42956,		169.94778,
818,		0.28110,		6.99041,		76.11590,
819,		0.30276,		7.10345,		78.54310,
820,		0.24948,		7.26258,		107.12886,
821,		0.24821,		7.05403,		54.14311,
822,		0.24948,		7.32639,		106.29745,
823,		0.25196,		7.39747,		111.51123,
824,		0.28525,		7.87625,		116.85486,
825,		0.28933,		8.07894,		116.85486,
826,		0.28933,		8.19224,		50.06938,
827,		0.28933,		7.63084,		52.00633,
828,		0.35823,		7.56763,		52.00633,
829,		0.31274,		7.10241,		51.86522,
830,		0.26718,		7.36705,		95.05527,
831,		0.26206,		8.11402,		132.25172,
832,		0.26206,		8.40203,		136.82611,
833,		0.26206,		8.14221,		95.25045,
834,		0.31274,		8.27156,		150.46581,
835,		0.33199,		8.92195,		150.46581,
836,		0.36202,		8.44922,		150.46581,
837,		0.29611,		8.39706,		150.46581,
838,		0.29611,		8.31855,		150.46581,
839,		0.29611,		7.76331,		74.46480,
840,		0.29611,		7.53664,		53.13938,
841,		0.29611,		7.95952,		198.63227,
842,		0.29044,		8.10449,		198.63227,
843,		0.32546,		7.76631,		198.63227,
844,		0.32546,		8.00666,		198.35310,
845,		0.34184,		7.07227,		53.81820,
846,		0.26170,		7.20363,		55.54895,
847,		0.27513,		6.94659,		191.84068,
848,		0.27513,		8.43132,		192.11792,
849,		0.27513,		7.87375,		192.11792,
850,		0.33089,		6.57762,		82.17311,
851,		0.33089,		6.52775,		95.64176,
852,		0.32585,		6.98314,		104.03768,
853,		0.29230,		7.32304,		104.03768,
854,		0.28517,		7.06747,		104.03768,
855,		0.30496,		6.49047,		98.40698,
856,		0.29705,		6.25295,		73.41732,
857,		0.29705,		6.77306,		102.85731,
858,		0.28649,		7.30063,		142.63500,
859,		0.28649,		7.54507,		120.26043,
860,		0.28649,		9.02959,		187.91643,
861,		0.27042,		9.19135,		189.00348,
862,		0.26955,		7.96489,		124.18259,
863,		0.25196,		7.23254,		139.13472,
864,		0.25196,		6.69490,		72.02144,
865,		0.24215,		7.29674,		72.02144,
866,		0.24215,		7.42352,		96.73090,
867,		0.26371,		6.63571,		96.73090,
868,		0.27883,		6.86914,		102.80036,
869,		0.25959,		7.09557,		75.75143,
870,		0.24514,		7.42846,		99.63611,
871,		0.25752,		8.31014,		93.83700,
872,		0.25959,		8.94999,		95.51782,
873,		0.29230,		9.01599,		107.23899,
874,		0.24162,		9.84538,		107.23899,
875,		0.24228,		9.13290,		107.44416,
876,		0.30120,		8.61764,		108.88599,
877,		0.30120,		9.48592,		108.88599,
878,		0.32316,		10.53193,		130.80173,
879,		0.24084,		10.63801,		130.80173,
880,		0.24084,		12.12487,		130.80173,
881,		0.27619,		12.78761,		137.84165,
882,		0.29611,		14.04900,		137.84165,
883,		0.29713,		12.62847,		134.15998,
884,		0.29713,		13.03118,		134.15998,
885,		0.28960,		13.14144,		109.07766,
886,		0.29713,		12.60578,		83.08361,
887,		0.27042,		13.39927,		87.32273,
888,		0.27042,		14.82638,		103.80167,
889,		0.27042,		16.24261,		126.93158,
890,		0.26697,		16.12060,		126.93158,
891,		0.27042,		16.95720,		152.61909,
892,		0.27147,		17.54257,		239.17180,
893,		0.26697,		18.17364,		239.17180,
894,		0.26697,		17.97873,		123.05647,
895,		0.27147,		18.02629,		151.64412,
896,		0.27147,		19.52845,		151.64412,
897,		0.26802,		18.81962,		134.08635,
898,		0.26802,		19.43110,		136.03931,
899,		0.26802,		18.42421,		123.05647,
900,		0.26802,		17.22224,		136.49864,
901,		0.29968,		17.96333,		140.98789,
902,		0.29024,		16.81267,		199.47587,
903,		0.30172,		16.85882,		187.40224,
904,		0.24116,		16.29989,		136.73061,
905,		0.30276,		18.42079,		136.73061,
906,		0.30276,		18.14055,		136.49864,
907,		0.35823,		18.41314,		150.32828,
908,		0.36563,		18.49773,		323.08780,
909,		0.36563,		18.10963,		145.52190,
910,		0.11234,		17.38343,		135.68102,
911,		0.10584,		17.25539,		154.93971,
912,		0.10584,		17.68721,		143.23498,
913,		0.10584,		18.04642,		139.43238,
914,		0.31831,		15.54266,		123.43864,
915,		0.31831,		16.23607,		136.73061,
916,		0.32316,		16.99170,		136.73061,
917,		0.33161,		16.60011,		136.96146,
918,		0.32990,		19.32345,		269.05223,
919,		0.35196,		18.46831,		269.05223,
920,		0.35196,		20.90198,		269.05223,
921,		0.32593,		21.08466,		269.05223,
922,		0.41127,		21.67911,		269.05223,
923,		0.27687,		20.22389,		258.71697,
924,		0.34865,		21.14147,		225.46518,
925,		0.34865,		21.92895,		238.04793,
926,		0.33252,		21.18016,		225.23618,
927,		0.39615,		22.06663,		225.46518,
928,		0.41127,		22.71477,		229.96975,
929,		0.36446,		21.21359,		184.94809,
930,		0.36446,		22.49046,		186.25974,
931,		0.36446,		21.13317,		185.21735,
932,		0.36446,		22.95256,		322.02732,
933,		0.42415,		21.83308,		196.08263,
934,		0.41998,		22.27067,		187.68057,
935,		0.42803,		23.89215,		411.43614,
936,		0.39440,		23.66166,		184.40563,
937,		0.38270,		21.82128,		192.55852,
938,		0.39701,		18.82248,		192.55852,
939,		0.39351,		20.92822,		211.41718,
940,		0.45655,		23.02192,		319.17864,
941,		0.97793,		23.99257,		319.17864,
942,		1.17348,		22.52511,		319.17864,
943,		0.96320,		20.23116,		191.92186,
944,		0.39351,		18.68694,		170.34619,
945,		0.94844,		17.77346,		187.28473,
946,		0.41127,		19.25086,		222.23238,
947,		0.46226,		17.83439,		185.23975,
948,		0.46226,		15.70238,		213.46113,
949,		1.09865,		15.35174,		213.75082,
950,		0.71462,		17.24758,		232.70703,
951,		0.42243,		16.78034,		190.61046,
952,		0.73128,		15.77827,		193.10845,
953,		0.42081,		15.32050,		192.55852,
954,		0.35196,		16.67701,		192.83339,
955,		0.35196,		17.38215,		299.07555,
956,		0.36030,		17.54279,		344.24887,
957,		0.41998,		15.52898,		294.59391,
958,		0.49056,		16.95099,		294.59391,
959,		0.49056,		17.24618,		300.41746,
960,		0.36446,		18.81014,		294.25057,
961,		0.31740,		17.02854,		235.42469,
962,		0.37320,		17.07323,		178.71296,
963,		0.32434,		16.94565,		178.18403,
964,		0.32501,		16.19856,		284.91238,
965,		0.32501,		14.35094,		122.32016,
966,		0.32501,		14.95148,		120.97983,
967,		0.32501,		16.35973,		178.18403,
968,		0.33719,		18.96900,		178.71296,
969,		0.32626,		19.37925,		178.97772,
970,		0.32626,		18.26443,		167.87103,
971,		0.32081,		17.29176,		220.74141,
972,		0.29713,		18.80067,		404.17864,
973,		0.29997,		19.63022,		404.17864,
974,		0.30403,		18.84243,		404.17864,
975,		0.30403,		20.91185,		404.17864,
976,		0.30403,		19.94715,		324.17184,
977,		0.38429,		19.16615,		197.79891,
978,		0.38429,		17.53323,		163.53418,
979,		0.38429,		16.18190,		225.16748,
980,		0.30120,		15.52465,		172.78123,
981,		0.28517,		14.72584,		157.47285,
982,		0.19602,		13.42791,		157.22361,
983,		0.28517,		14.39835,		159.18370,
984,		0.25196,		14.53587,		164.56755,
985,		0.24201,		15.94699,		250.37313,
986,		0.25861,		16.44355,		202.02084,
987,		0.33732,		16.13229,		230.88283,
988,		0.33732,		15.97244,		221.04068,
989,		0.33732,		15.29561,		221.04068,
990,		0.37825,		14.72205,		364.05171,
991,		0.06450,		12.80921,		133.75362,
992,		0.36471,		11.85352,		132.51785,
993,		0.29230,		12.56575,		132.28784,
994,		0.29230,		13.43779,		132.74807,
995,		0.36563,		12.46146,		135.57675,
996,		0.36563,		12.16259,		135.57675,
997,		0.34816,		11.90894,		171.63998,
998,		0.36471,		13.20213,		187.01376,
999,		0.29808,		13.22180,		349.49857,
