GEN,		MIN,			AVE,			MAX,
0,		18.60,		27.89,		37.60,
1,		18.60,		28.73,		38.60,
2,		18.60,		28.82,		35.60,
3,		18.60,		29.59,		36.60,
4,		18.60,		30.18,		37.60,
5,		21.60,		31.07,		37.60,
6,		23.60,		31.67,		37.60,
7,		23.60,		31.46,		38.60,
8,		23.60,		31.86,		38.60,
9,		23.60,		32.54,		38.60,
10,		23.60,		32.76,		38.60,
11,		23.60,		32.92,		38.60,
12,		23.60,		33.23,		39.60,
13,		23.60,		33.42,		38.60,
14,		25.60,		33.64,		39.60,
15,		25.60,		34.17,		39.60,
16,		26.60,		34.67,		39.60,
17,		28.60,		35.15,		39.60,
18,		26.60,		35.04,		39.60,
19,		27.60,		35.16,		39.60,
20,		28.60,		35.61,		39.60,
21,		27.60,		35.66,		39.60,
22,		26.60,		35.62,		39.60,
23,		27.60,		35.45,		40.60,
24,		26.60,		35.45,		39.60,
25,		28.60,		35.39,		39.60,
26,		27.60,		35.39,		39.60,
27,		27.60,		35.71,		39.60,
28,		28.60,		35.81,		39.60,
29,		26.60,		36.05,		39.60,
30,		30.60,		36.20,		39.60,
31,		26.60,		36.50,		39.60,
32,		26.60,		36.41,		40.60,
33,		28.60,		36.46,		39.60,
34,		29.60,		36.45,		39.60,
35,		29.60,		36.62,		39.60,
36,		31.60,		36.52,		39.60,
37,		31.60,		36.56,		39.60,
38,		29.60,		36.64,		40.60,
39,		30.60,		36.76,		40.60,
40,		29.60,		36.65,		40.60,
41,		29.60,		36.69,		40.60,
42,		29.60,		36.81,		39.60,
43,		30.60,		36.63,		39.60,
44,		30.60,		36.75,		39.60,
45,		30.60,		36.86,		39.60,
46,		27.60,		36.90,		40.60,
47,		29.60,		37.03,		40.60,
48,		30.60,		37.14,		40.60,
49,		30.60,		37.31,		40.60,
50,		31.60,		37.48,		40.60,
51,		32.60,		37.59,		40.60,
52,		30.60,		37.77,		40.60,
53,		30.60,		37.69,		40.60,
54,		30.60,		37.61,		40.60,
55,		31.60,		37.79,		40.60,
56,		31.60,		37.94,		40.60,
57,		31.60,		38.03,		40.60,
58,		32.60,		38.23,		40.60,
59,		31.60,		38.09,		40.60,
60,		32.60,		38.03,		40.60,
61,		32.60,		38.23,		40.60,
62,		32.60,		38.16,		40.60,
63,		33.60,		38.28,		40.60,
64,		32.60,		38.38,		40.60,
65,		32.60,		38.46,		40.60,
66,		33.60,		38.62,		40.60,
67,		32.60,		38.66,		40.60,
68,		32.60,		38.68,		40.60,
69,		32.60,		38.61,		40.60,
70,		34.60,		38.66,		40.60,
71,		34.60,		38.70,		40.60,
72,		34.60,		38.75,		40.60,
73,		34.60,		38.82,		40.60,
74,		35.60,		38.83,		40.60,
75,		34.60,		38.82,		40.60,
76,		33.60,		38.70,		40.60,
77,		34.60,		38.77,		40.60,
78,		32.60,		38.85,		40.60,
79,		35.60,		39.00,		40.60,
80,		35.60,		39.01,		40.60,
81,		31.60,		39.03,		40.60,
82,		35.60,		39.20,		40.60,
83,		34.60,		39.21,		40.60,
84,		34.60,		39.28,		40.60,
85,		34.60,		39.28,		40.60,
86,		34.60,		39.38,		40.60,
87,		34.60,		39.42,		40.60,
88,		34.60,		39.39,		40.60,
89,		34.60,		39.31,		40.60,
90,		34.60,		39.31,		40.60,
91,		34.60,		39.38,		40.60,
92,		34.60,		39.40,		40.60,
93,		34.60,		39.38,		40.60,
94,		35.60,		39.38,		40.60,
95,		36.60,		39.29,		40.60,
96,		34.60,		39.30,		40.60,
97,		33.60,		39.19,		40.60,
98,		35.60,		39.35,		40.60,
99,		33.60,		39.35,		40.60,
100,		33.60,		39.32,		40.60,
101,		33.60,		39.39,		40.60,
102,		33.60,		39.44,		40.60,
103,		33.60,		39.45,		40.60,
104,		34.60,		39.43,		40.60,
105,		33.60,		39.39,		40.60,
106,		33.60,		39.36,		40.60,
107,		33.60,		39.32,		40.60,
108,		32.60,		39.39,		40.60,
109,		33.60,		39.47,		40.60,
110,		33.60,		39.46,		40.60,
111,		30.60,		39.39,		40.60,
112,		30.60,		39.33,		40.60,
113,		33.60,		39.24,		40.60,
114,		33.60,		39.13,		40.60,
115,		34.60,		39.17,		40.60,
116,		33.60,		39.22,		40.60,
117,		33.60,		39.37,		40.60,
118,		33.60,		39.41,		40.60,
119,		33.60,		39.46,		40.60,
120,		33.60,		39.46,		40.60,
121,		33.60,		39.35,		40.60,
122,		33.60,		39.32,		40.60,
123,		32.60,		39.11,		40.60,
124,		33.60,		39.21,		40.60,
125,		32.60,		39.36,		40.60,
126,		32.60,		39.23,		40.60,
127,		32.60,		39.26,		40.60,
128,		32.60,		39.12,		40.60,
129,		32.60,		38.99,		40.60,
130,		31.60,		38.95,		40.60,
131,		29.60,		39.08,		40.60,
132,		32.60,		39.21,		40.60,
133,		32.60,		39.25,		40.60,
134,		27.60,		39.23,		40.60,
135,		27.60,		39.11,		40.60,
136,		27.60,		39.23,		40.60,
137,		32.60,		39.39,		40.60,
138,		32.60,		39.47,		40.60,
139,		32.60,		39.58,		40.60,
140,		32.60,		39.51,		40.60,
141,		29.60,		39.63,		40.60,
142,		29.60,		39.58,		40.60,
143,		34.60,		39.65,		40.60,
144,		34.60,		39.74,		40.60,
145,		34.60,		39.76,		40.60,
146,		35.60,		39.75,		40.60,
147,		35.60,		39.77,		40.60,
148,		35.60,		39.62,		40.60,
149,		34.60,		39.58,		40.60,
150,		34.60,		39.52,		40.60,
151,		33.60,		39.38,		40.60,
152,		33.60,		39.52,		40.60,
153,		33.60,		39.61,		40.60,
154,		31.60,		39.45,		40.60,
155,		33.60,		39.49,		40.60,
156,		33.60,		39.44,		40.60,
157,		33.60,		39.44,		40.60,
158,		33.60,		39.55,		40.60,
159,		33.60,		39.54,		40.60,
160,		33.60,		39.43,		40.60,
161,		33.60,		39.49,		40.60,
162,		33.60,		39.47,		40.60,
163,		33.60,		39.50,		40.60,
164,		30.60,		39.49,		40.60,
165,		30.60,		39.39,		40.60,
166,		30.60,		39.62,		40.60,
167,		33.60,		39.59,		40.60,
168,		33.60,		39.50,		40.60,
169,		33.60,		39.58,		40.60,
170,		34.60,		39.60,		40.60,
171,		34.60,		39.76,		40.60,
172,		34.60,		39.77,		40.60,
173,		34.60,		39.71,		40.60,
174,		34.60,		39.60,		40.60,
175,		34.60,		39.46,		40.60,
176,		34.60,		39.30,		40.60,
177,		32.60,		39.27,		40.60,
178,		34.60,		39.44,		40.60,
179,		34.60,		39.28,		40.60,
180,		34.60,		39.26,		40.60,
181,		34.60,		39.20,		40.60,
182,		33.60,		39.14,		40.60,
183,		31.60,		39.18,		40.60,
184,		31.60,		39.27,		40.60,
185,		33.60,		39.26,		40.60,
186,		34.60,		39.37,		40.60,
187,		33.60,		39.33,		40.60,
188,		34.60,		39.43,		40.60,
189,		34.60,		39.55,		40.60,
190,		34.60,		39.55,		40.60,
191,		34.60,		39.40,		40.60,
192,		34.60,		39.47,		40.60,
193,		33.60,		39.42,		40.60,
194,		30.60,		39.40,		40.60,
195,		31.60,		39.41,		40.60,
196,		31.60,		39.21,		40.60,
197,		33.60,		39.35,		40.60,
198,		33.60,		39.39,		40.60,
199,		32.60,		39.64,		40.60,
200,		29.60,		39.48,		40.60,
201,		29.60,		39.43,		40.60,
202,		29.60,		39.59,		40.60,
203,		29.60,		39.65,		40.60,
204,		34.60,		39.64,		40.60,
205,		34.60,		39.66,		40.60,
206,		34.60,		39.61,		40.60,
207,		32.60,		39.57,		40.60,
208,		31.60,		39.56,		40.60,
209,		32.60,		39.68,		40.60,
210,		32.60,		39.81,		40.60,
211,		31.60,		39.77,		40.60,
212,		34.60,		39.93,		40.60,
213,		34.60,		39.76,		40.60,
214,		34.60,		39.86,		40.60,
215,		33.60,		39.62,		40.60,
216,		34.60,		39.58,		40.60,
217,		34.60,		39.55,		40.60,
218,		35.60,		39.61,		40.60,
219,		35.60,		39.64,		40.60,
220,		34.60,		39.60,		40.60,
221,		32.60,		39.67,		40.60,
222,		35.60,		39.76,		40.60,
223,		35.60,		39.93,		40.60,
224,		34.60,		39.82,		40.60,
225,		34.60,		39.84,		40.60,
226,		34.60,		39.87,		40.60,
227,		34.60,		39.76,		40.60,
228,		32.60,		39.87,		40.60,
229,		32.60,		39.76,		40.60,
230,		33.60,		39.78,		40.60,
231,		33.60,		39.84,		40.60,
232,		33.60,		39.89,		40.60,
233,		33.60,		39.89,		40.60,
234,		33.60,		39.91,		40.60,
235,		33.60,		39.82,		40.60,
236,		33.60,		39.87,		40.60,
237,		34.60,		39.93,		40.60,
238,		35.60,		39.93,		40.60,
239,		34.60,		39.91,		40.60,
240,		35.60,		39.99,		40.60,
241,		34.60,		39.99,		40.60,
242,		34.60,		40.00,		40.60,
243,		34.60,		39.87,		40.60,
244,		34.60,		39.90,		40.60,
245,		34.60,		39.86,		40.60,
246,		35.60,		39.77,		40.60,
247,		34.60,		39.65,		40.60,
248,		34.60,		39.76,		40.60,
249,		33.60,		39.80,		40.60,
250,		33.60,		39.86,		40.60,
251,		33.60,		39.85,		40.60,
252,		34.60,		40.04,		40.60,
253,		33.60,		40.09,		40.60,
254,		33.60,		40.13,		40.60,
255,		37.60,		40.12,		40.60,
256,		33.60,		40.06,		40.60,
257,		35.60,		40.03,		40.60,
258,		34.60,		40.02,		40.60,
259,		34.60,		40.01,		40.60,
260,		32.60,		39.92,		40.60,
261,		35.60,		40.01,		40.60,
262,		35.60,		39.90,		40.60,
263,		35.60,		39.85,		40.60,
264,		33.60,		39.89,		40.60,
265,		28.60,		39.76,		40.60,
266,		28.60,		39.66,		40.60,
267,		28.60,		39.60,		40.60,
268,		32.60,		39.67,		40.60,
269,		33.60,		39.64,		40.60,
270,		33.60,		39.73,		40.60,
271,		33.60,		39.86,		40.60,
272,		34.60,		39.88,		40.60,
273,		34.60,		39.90,		40.60,
274,		34.60,		39.91,		40.60,
275,		34.60,		39.88,		40.60,
276,		33.60,		39.88,		40.60,
277,		34.60,		39.82,		40.60,
278,		33.60,		39.74,		40.60,
279,		34.60,		39.74,		40.60,
280,		34.60,		39.69,		40.60,
281,		34.60,		39.67,		40.60,
282,		35.60,		39.66,		40.60,
283,		35.60,		39.76,		40.60,
284,		34.60,		39.74,		40.60,
285,		35.60,		39.76,		40.60,
286,		35.60,		39.77,		40.60,
287,		35.60,		39.73,		40.60,
288,		35.60,		39.72,		40.60,
289,		35.60,		39.76,		40.60,
290,		34.60,		39.70,		40.60,
291,		33.60,		39.57,		40.60,
292,		34.60,		39.64,		40.60,
293,		33.60,		39.52,		40.60,
294,		34.60,		39.63,		40.60,
295,		30.60,		39.59,		40.60,
296,		34.60,		39.74,		40.60,
297,		34.60,		39.83,		40.60,
298,		34.60,		39.83,		40.60,
299,		33.60,		39.85,		40.60,
300,		34.60,		39.88,		40.60,
301,		33.60,		39.88,		40.60,
302,		31.60,		39.86,		40.60,
303,		34.60,		39.78,		40.60,
304,		34.60,		39.77,		40.60,
305,		30.60,		39.88,		40.60,
306,		30.60,		39.88,		40.60,
307,		34.60,		39.94,		40.60,
308,		33.60,		39.95,		40.60,
309,		30.60,		39.99,		40.60,
310,		33.60,		40.01,		40.60,
311,		33.60,		39.89,		40.60,
312,		33.60,		39.97,		40.60,
313,		33.60,		40.00,		40.60,
314,		33.60,		40.10,		40.60,
315,		33.60,		40.10,		40.60,
316,		33.60,		39.98,		40.60,
317,		34.60,		39.81,		40.60,
318,		34.60,		39.75,		40.60,
319,		32.60,		39.86,		40.60,
320,		34.60,		39.75,		40.60,
321,		30.60,		39.70,		40.60,
322,		32.60,		39.86,		40.60,
323,		32.60,		39.84,		40.60,
324,		32.60,		39.88,		40.60,
325,		32.60,		39.94,		40.60,
326,		30.60,		39.96,		40.60,
327,		30.60,		40.10,		40.60,
328,		30.60,		40.03,		40.60,
329,		30.60,		40.11,		40.60,
330,		35.60,		40.24,		40.60,
331,		37.60,		40.17,		40.60,
332,		34.60,		40.04,		40.60,
333,		33.60,		40.01,		40.60,
334,		35.60,		40.03,		40.60,
335,		30.60,		40.06,		40.60,
336,		34.60,		40.05,		40.60,
337,		34.60,		40.01,		40.60,
338,		34.60,		40.05,		40.60,
339,		34.60,		40.03,		40.60,
340,		33.60,		39.82,		40.60,
341,		33.60,		39.95,		40.60,
342,		33.60,		39.96,		40.60,
343,		33.60,		39.99,		40.60,
344,		30.60,		39.92,		40.60,
345,		30.60,		39.71,		40.60,
346,		30.60,		39.74,		40.60,
347,		33.60,		39.75,		40.60,
348,		34.60,		39.80,		40.60,
349,		31.60,		39.71,		40.60,
350,		31.60,		39.71,		40.60,
351,		34.60,		39.71,		40.60,
352,		30.60,		39.79,		40.60,
353,		30.60,		39.94,		40.60,
354,		30.60,		39.75,		40.60,
355,		34.60,		39.93,		40.60,
356,		34.60,		39.98,		40.60,
357,		34.60,		40.08,		40.60,
358,		34.60,		40.07,		40.60,
359,		34.60,		40.00,		40.60,
360,		34.60,		40.05,		40.60,
361,		34.60,		39.94,		40.60,
362,		33.60,		39.88,		40.60,
363,		34.60,		40.05,		40.60,
364,		29.60,		40.06,		40.60,
365,		29.60,		40.05,		40.60,
366,		29.60,		40.17,		40.60,
367,		29.60,		40.19,		40.60,
368,		29.60,		40.14,		40.60,
369,		31.60,		40.23,		40.60,
370,		31.60,		40.25,		40.60,
371,		33.60,		40.14,		40.60,
372,		35.60,		40.09,		40.60,
373,		35.60,		40.02,		40.60,
374,		35.60,		40.14,		40.60,
375,		35.60,		40.13,		40.60,
376,		35.60,		40.11,		40.60,
377,		34.60,		40.13,		40.60,
378,		34.60,		40.08,		40.60,
379,		34.60,		40.08,		40.60,
380,		34.60,		40.07,		40.60,
381,		34.60,		40.15,		40.60,
382,		34.60,		40.04,		40.60,
383,		34.60,		39.93,		40.60,
384,		33.60,		39.93,		40.60,
385,		33.60,		39.94,		40.60,
386,		33.60,		39.98,		40.60,
387,		35.60,		40.12,		40.60,
388,		35.60,		40.10,		40.60,
389,		34.60,		40.07,		40.60,
390,		34.60,		40.05,		40.60,
391,		37.60,		40.08,		40.60,
392,		35.60,		40.05,		40.60,
393,		35.60,		39.99,		40.60,
394,		33.60,		39.93,		40.60,
395,		32.60,		39.83,		40.60,
396,		32.60,		39.93,		40.60,
397,		32.60,		39.85,		40.60,
398,		32.60,		39.82,		40.60,
399,		32.60,		39.69,		40.60,
