GEN,		MIN,			AVE,			MAX,
0,		1265.03552,		1284.56528,		1299.41948,
1,		1267.54174,		1283.87142,		1295.97924,
2,		1267.91074,		1284.08981,		1299.51358,
3,		1268.20487,		1284.24488,		1297.10630,
4,		1267.71363,		1284.66626,		1298.26030,
5,		1266.61140,		1284.23650,		1299.78028,
6,		1267.93100,		1285.13440,		1298.57549,
7,		1267.77499,		1285.15331,		1296.40857,
8,		1266.46697,		1284.65153,		1299.82254,
9,		1270.77124,		1284.78266,		1299.49970,
10,		1271.60286,		1284.68014,		1295.61224,
11,		1270.06012,		1285.46923,		1298.24988,
12,		1267.06600,		1284.65503,		1299.78526,
13,		1271.07180,		1285.57901,		1299.70784,
14,		1271.73502,		1284.84918,		1299.00892,
15,		1271.78583,		1285.11076,		1299.26754,
16,		1271.33774,		1285.50206,		1299.12608,
17,		1273.48530,		1286.00430,		1299.67728,
18,		1272.51486,		1285.83705,		1297.45974,
19,		1270.36901,		1286.36288,		1299.01980,
20,		1269.34446,		1286.22864,		1297.25062,
21,		1272.91257,		1286.16477,		1298.85536,
22,		1274.19733,		1286.19972,		1299.29047,
23,		1270.71186,		1285.48249,		1297.74534,
24,		1272.57677,		1285.74855,		1299.79457,
25,		1270.85292,		1284.81046,		1297.25247,
26,		1268.84084,		1284.95816,		1296.11101,
27,		1266.61030,		1284.59800,		1295.31012,
28,		1268.02049,		1285.03006,		1297.72197,
29,		1272.44734,		1285.31078,		1299.67284,
30,		1270.50456,		1286.05439,		1298.95949,
31,		1271.71561,		1285.85106,		1299.27722,
32,		1270.89984,		1286.24336,		1297.21607,
33,		1274.73351,		1286.41213,		1299.40888,
34,		1271.15674,		1286.56594,		1298.92593,
35,		1274.77925,		1287.00928,		1299.51538,
36,		1272.21876,		1286.62225,		1299.91240,
37,		1274.18895,		1286.65910,		1299.93544,
38,		1273.17755,		1286.26172,		1297.40879,
39,		1273.99133,		1286.85415,		1299.63303,
40,		1271.07719,		1286.60131,		1299.23700,
41,		1274.08244,		1286.70414,		1298.43792,
42,		1266.41888,		1286.01801,		1299.10114,
43,		1273.50994,		1286.06937,		1296.98969,
44,		1273.89511,		1286.18410,		1299.93606,
45,		1273.24745,		1286.35113,		1299.12943,
46,		1273.78016,		1287.23618,		1298.03818,
47,		1272.82843,		1286.99758,		1297.27004,
48,		1274.65809,		1287.75545,		1299.79558,
49,		1275.66886,		1287.17079,		1296.75794,
50,		1276.35554,		1287.99852,		1299.57777,
51,		1275.24136,		1287.62627,		1298.23472,
52,		1274.05875,		1287.54343,		1299.42522,
53,		1275.12400,		1287.18954,		1297.62690,
54,		1275.76501,		1287.36048,		1298.70813,
55,		1277.66748,		1287.33692,		1299.25644,
56,		1276.16760,		1287.45672,		1299.84512,
57,		1276.25331,		1287.49282,		1299.77996,
58,		1271.76355,		1287.61752,		1299.88926,
59,		1273.78388,		1287.82382,		1297.10591,
60,		1272.49400,		1287.36237,		1298.22710,
61,		1275.81164,		1287.63397,		1298.80603,
62,		1274.49523,		1287.58287,		1299.91051,
63,		1274.15720,		1287.78454,		1299.27843,
64,		1275.77211,		1287.05929,		1298.26066,
65,		1275.55662,		1287.71204,		1299.86524,
66,		1277.56269,		1287.49805,		1299.04885,
67,		1274.90368,		1287.52786,		1299.59426,
68,		1273.69655,		1287.56329,		1299.89784,
69,		1274.23038,		1287.25080,		1299.58703,
70,		1272.61771,		1287.24904,		1299.77624,
71,		1274.69174,		1287.58614,		1299.07654,
72,		1273.99084,		1287.54990,		1298.54003,
73,		1274.28690,		1287.44316,		1298.95899,
74,		1273.25197,		1287.78986,		1299.82018,
75,		1271.42983,		1287.30049,		1298.26939,
76,		1275.96627,		1288.03877,		1298.07837,
77,		1266.63667,		1287.46659,		1299.58320,
78,		1272.34706,		1287.84689,		1299.59658,
79,		1275.09172,		1287.60483,		1299.32551,
80,		1275.90934,		1287.74995,		1298.42490,
81,		1276.36591,		1287.87124,		1299.85506,
82,		1277.91466,		1288.03449,		1298.82845,
83,		1273.48228,		1288.09623,		1298.40947,
84,		1275.06452,		1287.93732,		1299.86485,
85,		1274.22585,		1288.31214,		1299.90861,
86,		1275.48135,		1287.82975,		1298.61627,
87,		1277.15889,		1288.03419,		1298.72144,
88,		1274.36379,		1287.50190,		1298.39692,
89,		1276.17011,		1287.80438,		1298.27397,
90,		1274.31085,		1287.20162,		1297.74504,
91,		1275.71960,		1287.82006,		1298.12530,
92,		1275.31569,		1288.00958,		1299.33266,
93,		1275.36228,		1288.43634,		1299.95595,
94,		1278.72985,		1288.58810,		1299.88969,
95,		1277.01398,		1288.07985,		1298.53091,
96,		1273.04963,		1288.05629,		1298.13337,
97,		1275.79321,		1287.93015,		1299.30837,
98,		1274.98267,		1288.08970,		1299.66000,
99,		1277.31429,		1287.77097,		1299.94382,
100,		1276.53859,		1287.66809,		1299.67995,
101,		1270.47405,		1287.20178,		1297.68741,
102,		1275.24382,		1287.75047,		1299.62559,
103,		1272.43948,		1286.69744,		1299.69920,
104,		1275.03678,		1287.27843,		1297.31744,
105,		1271.39048,		1286.75648,		1299.54899,
106,		1273.85353,		1286.70989,		1297.71657,
107,		1274.03242,		1286.76691,		1298.37192,
108,		1270.06338,		1286.87845,		1297.73663,
109,		1270.56492,		1286.54122,		1298.86113,
110,		1272.89141,		1286.05369,		1297.65903,
111,		1271.62101,		1286.61411,		1299.23706,
112,		1268.94663,		1285.72580,		1298.82122,
113,		1272.57549,		1286.20018,		1297.83197,
114,		1266.62078,		1285.90265,		1297.92643,
115,		1272.10925,		1286.53311,		1298.52733,
116,		1274.42416,		1286.28860,		1297.89605,
117,		1274.96965,		1286.75546,		1299.50596,
118,		1273.65482,		1286.24597,		1298.73474,
119,		1275.55302,		1286.53960,		1299.70470,
120,		1274.48823,		1286.74793,		1299.69157,
121,		1273.61508,		1286.57186,		1299.78021,
122,		1271.47768,		1286.63020,		1298.74953,
123,		1276.90143,		1286.37591,		1296.95904,
124,		1276.15244,		1287.00138,		1299.73782,
125,		1272.75222,		1286.51857,		1299.76332,
126,		1273.51193,		1286.86398,		1298.77917,
127,		1275.02985,		1286.81525,		1299.65349,
128,		1274.08585,		1287.03815,		1299.66524,
129,		1274.62420,		1286.86687,		1298.41250,
130,		1276.80994,		1287.41126,		1298.81030,
131,		1276.25666,		1287.61038,		1299.73245,
132,		1275.41649,		1287.47477,		1298.88716,
133,		1272.89030,		1287.65306,		1299.65624,
134,		1274.79169,		1287.60593,		1299.28461,
135,		1276.06246,		1287.41273,		1298.85290,
136,		1274.47841,		1287.50196,		1299.15530,
137,		1273.20505,		1287.51922,		1298.34080,
138,		1277.18067,		1287.52686,		1298.49971,
139,		1276.43751,		1287.71382,		1299.64921,
140,		1275.81561,		1287.33583,		1299.86707,
141,		1275.82874,		1287.68398,		1299.76272,
142,		1272.66159,		1287.64200,		1299.92729,
143,		1274.61245,		1287.66863,		1299.31054,
144,		1274.70371,		1287.94417,		1299.24220,
145,		1276.82347,		1287.82596,		1299.95612,
146,		1273.24755,		1287.80988,		1299.70697,
147,		1272.11166,		1287.20587,		1296.79661,
148,		1275.59112,		1287.71177,		1298.53276,
149,		1274.76671,		1287.66045,		1299.33513,
150,		1273.57490,		1288.25671,		1297.41039,
151,		1272.21656,		1287.77020,		1299.75293,
152,		1275.00358,		1288.28142,		1299.87331,
153,		1274.85632,		1288.01669,		1299.07316,
154,		1271.62469,		1288.37150,		1298.99343,
155,		1277.22535,		1288.02178,		1299.98250,
156,		1276.63335,		1288.32000,		1299.40571,
157,		1276.46700,		1288.42059,		1299.48142,
158,		1276.88766,		1288.60828,		1298.25198,
159,		1274.29262,		1288.95335,		1298.72377,
160,		1275.78389,		1288.91303,		1299.71144,
161,		1279.72537,		1289.05904,		1299.93744,
162,		1275.48729,		1288.55077,		1299.89559,
163,		1274.65036,		1288.98827,		1299.93272,
164,		1276.71481,		1288.69305,		1299.91961,
165,		1274.78780,		1289.02824,		1299.92723,
166,		1274.91543,		1288.24119,		1299.22866,
167,		1276.05765,		1288.37162,		1298.42926,
168,		1273.49175,		1287.80242,		1299.93122,
169,		1277.83119,		1288.36433,		1299.33622,
170,		1272.80047,		1288.20684,		1299.98900,
171,		1274.11185,		1288.42794,		1299.58775,
172,		1277.32322,		1288.64783,		1299.92761,
173,		1276.91899,		1288.38086,		1299.70916,
174,		1277.77568,		1289.26326,		1299.33827,
175,		1277.72886,		1289.03867,		1299.79268,
176,		1272.73220,		1289.75088,		1299.68883,
177,		1275.84088,		1289.24860,		1299.73364,
178,		1275.50172,		1289.57460,		1299.93525,
179,		1275.38834,		1289.14468,		1299.32155,
180,		1277.96086,		1289.33019,		1299.49447,
181,		1272.59442,		1289.23253,		1298.89586,
182,		1276.37189,		1289.08060,		1299.36081,
183,		1275.65070,		1289.02039,		1299.99635,
184,		1273.11589,		1288.44854,		1299.33433,
185,		1278.83163,		1288.96414,		1299.55665,
186,		1275.67598,		1288.86301,		1299.49257,
187,		1277.14959,		1288.70637,		1299.54736,
188,		1274.33330,		1288.26440,		1299.98005,
189,		1278.53362,		1288.36073,		1299.94866,
190,		1277.51931,		1288.06197,		1299.82520,
191,		1275.93693,		1288.31367,		1299.83155,
192,		1273.54580,		1287.99395,		1299.70058,
193,		1276.20530,		1287.75491,		1299.86764,
194,		1273.34675,		1287.52315,		1299.79742,
195,		1275.80888,		1287.63385,		1299.15696,
196,		1275.66943,		1287.85474,		1297.30421,
197,		1273.01871,		1287.66913,		1299.52699,
198,		1273.74342,		1287.87821,		1298.24978,
199,		1270.47946,		1287.99752,		1298.99257,
200,		1278.17729,		1288.41658,		1299.77372,
201,		1274.01029,		1288.18244,		1299.76294,
202,		1274.54684,		1288.47421,		1299.93819,
203,		1275.06222,		1288.39889,		1298.52518,
204,		1275.60048,		1288.50634,		1298.81429,
205,		1276.57901,		1288.54434,		1299.33930,
206,		1274.92423,		1289.02150,		1299.78376,
207,		1276.77794,		1289.10036,		1298.39248,
208,		1276.57421,		1288.73933,		1298.37276,
209,		1273.40328,		1288.59896,		1299.66618,
210,		1275.54172,		1288.61352,		1299.21524,
211,		1276.67407,		1288.86244,		1299.71477,
212,		1276.52156,		1288.83147,		1299.96920,
213,		1277.09533,		1289.23695,		1299.89091,
214,		1278.44817,		1289.06294,		1299.54119,
215,		1276.66688,		1289.70531,		1299.77721,
216,		1275.38739,		1289.31612,		1299.33561,
217,		1277.79126,		1289.96147,		1299.82665,
218,		1276.78870,		1289.55923,		1299.81639,
219,		1277.66372,		1290.02028,		1299.34997,
220,		1277.52566,		1289.94032,		1299.68548,
221,		1277.63524,		1290.01895,		1299.06160,
222,		1279.08567,		1290.13363,		1299.91028,
223,		1272.04865,		1290.02433,		1299.95821,
224,		1276.32850,		1289.71503,		1299.81430,
225,		1280.23667,		1289.42667,		1299.84963,
226,		1278.57157,		1290.12257,		1299.79318,
227,		1277.69259,		1289.41015,		1299.77274,
228,		1279.60039,		1289.86329,		1299.38984,
229,		1277.10779,		1289.35110,		1299.78402,
230,		1277.50763,		1289.70173,		1299.79449,
231,		1279.41139,		1289.43155,		1299.99113,
232,		1273.26954,		1289.44815,		1299.08706,
233,		1275.71464,		1289.40729,		1299.86890,
234,		1278.87402,		1289.43620,		1298.95379,
235,		1277.09799,		1289.44117,		1298.99019,
236,		1275.54314,		1289.01241,		1299.72078,
237,		1277.40771,		1289.59972,		1299.89188,
238,		1274.53321,		1289.32608,		1297.28734,
239,		1275.70790,		1289.42166,		1298.89575,
240,		1277.72436,		1288.88264,		1299.30789,
241,		1276.45477,		1289.49711,		1299.48436,
242,		1276.00249,		1288.80130,		1299.45830,
243,		1274.62551,		1288.90636,		1299.72998,
244,		1277.24623,		1288.92322,		1299.49442,
245,		1277.06572,		1288.76658,		1299.95832,
246,		1278.40762,		1288.95850,		1299.34131,
247,		1277.69876,		1288.86962,		1299.77205,
248,		1277.04609,		1288.52468,		1299.24064,
249,		1274.58420,		1288.00478,		1298.92730,
250,		1275.47456,		1288.30030,		1299.29411,
251,		1275.42822,		1288.26969,		1298.91179,
252,		1273.57452,		1288.50686,		1299.87255,
253,		1279.16604,		1288.14747,		1298.50529,
254,		1274.91942,		1288.38962,		1299.87868,
255,		1276.08681,		1288.25407,		1297.38092,
256,		1275.71005,		1288.24387,		1299.78112,
257,		1278.04600,		1288.15826,		1299.77844,
258,		1278.45985,		1288.20117,		1298.21747,
259,		1275.03275,		1288.33753,		1298.45252,
260,		1277.45560,		1288.34898,		1299.99013,
261,		1277.20153,		1288.70693,		1299.79714,
262,		1277.88219,		1288.70209,		1299.20662,
263,		1274.08239,		1289.08821,		1299.82334,
264,		1273.67619,		1288.67938,		1298.04949,
265,		1274.06389,		1288.64664,		1299.48628,
266,		1277.36468,		1288.51182,		1298.02256,
267,		1275.98535,		1288.77918,		1298.43438,
268,		1278.53461,		1288.33538,		1298.36185,
269,		1278.12742,		1288.70512,		1299.31215,
270,		1278.43031,		1288.45572,		1298.02514,
271,		1277.03822,		1288.44564,		1299.09477,
272,		1278.38099,		1288.65876,		1299.45535,
273,		1277.29726,		1288.34453,		1297.99546,
274,		1278.07455,		1288.58344,		1299.67866,
275,		1273.77189,		1288.19569,		1297.17946,
276,		1275.58863,		1288.60463,		1299.91223,
277,		1276.95609,		1288.04822,		1298.98911,
278,		1275.34075,		1288.49252,		1299.89906,
279,		1276.14189,		1287.81570,		1299.52645,
280,		1275.61125,		1288.48314,		1299.41110,
281,		1276.26520,		1287.86733,		1299.38892,
282,		1274.80424,		1288.18847,		1299.16657,
283,		1278.09366,		1288.17848,		1299.18991,
284,		1275.30290,		1287.90655,		1297.80296,
285,		1278.94112,		1288.03279,		1299.53627,
286,		1277.45661,		1288.12945,		1298.02884,
287,		1278.24502,		1288.19227,		1299.35003,
288,		1276.39321,		1288.15197,		1298.56792,
289,		1278.16504,		1288.45696,		1299.95064,
290,		1276.95228,		1288.00614,		1298.24504,
291,		1276.89678,		1288.69127,		1297.71832,
292,		1275.17749,		1288.38764,		1298.06494,
293,		1279.52802,		1288.76986,		1299.86030,
294,		1277.77255,		1288.57745,		1299.56911,
295,		1277.60135,		1288.92316,		1299.09866,
296,		1272.86614,		1288.72151,		1298.98071,
297,		1275.47331,		1289.10828,		1299.32361,
298,		1277.08255,		1289.13178,		1299.73098,
299,		1276.28265,		1288.57885,		1299.61822,
300,		1277.39561,		1289.02769,		1299.70015,
301,		1271.35975,		1288.58741,		1299.24617,
302,		1277.78048,		1288.82379,		1299.73731,
303,		1277.73796,		1288.41729,		1299.77341,
304,		1277.44764,		1288.94379,		1299.83252,
305,		1274.95042,		1288.54560,		1299.36937,
306,		1278.43454,		1288.94159,		1299.72609,
307,		1277.04930,		1288.79204,		1299.44987,
308,		1276.11882,		1289.07820,		1299.55885,
309,		1279.56207,		1289.19271,		1299.33087,
310,		1274.84520,		1288.99278,		1299.58535,
311,		1275.30401,		1288.61615,		1299.71575,
312,		1277.30244,		1288.30577,		1296.85371,
313,		1276.48229,		1288.04929,		1298.51665,
314,		1269.84746,		1287.67102,		1298.81818,
315,		1277.16420,		1288.44070,		1299.32879,
316,		1276.71622,		1287.81380,		1297.85119,
317,		1274.02122,		1288.18388,		1299.43246,
318,		1274.61203,		1287.61302,		1298.66083,
319,		1277.11686,		1288.04498,		1296.81872,
320,		1277.07523,		1287.90678,		1299.81059,
321,		1272.94892,		1287.77620,		1299.32572,
322,		1278.04293,		1288.09757,		1299.69867,
323,		1277.59934,		1287.93573,		1299.66035,
324,		1271.75643,		1288.16602,		1299.12703,
325,		1277.27805,		1287.96533,		1299.95479,
326,		1275.25584,		1288.25852,		1299.59611,
327,		1272.76066,		1287.60295,		1299.97684,
328,		1274.12204,		1287.78343,		1298.64033,
329,		1270.05207,		1287.46726,		1299.83451,
330,		1271.53101,		1287.29312,		1298.12695,
331,		1276.75658,		1287.54033,		1299.49731,
332,		1276.18891,		1287.64963,		1299.87751,
333,		1274.43688,		1287.28290,		1299.87680,
334,		1273.04096,		1287.45710,		1297.77475,
335,		1272.63718,		1287.50925,		1299.90758,
336,		1273.06323,		1287.31074,		1299.09111,
337,		1275.78027,		1287.60505,		1298.15937,
338,		1271.50270,		1287.32414,		1299.85020,
339,		1272.53445,		1287.72463,		1299.65298,
340,		1275.59178,		1287.61355,		1299.29777,
341,		1275.47894,		1288.08664,		1299.19794,
342,		1274.81071,		1287.97576,		1299.93647,
343,		1274.79160,		1288.46265,		1298.56981,
344,		1275.66075,		1288.09792,		1299.10025,
345,		1276.47174,		1288.46232,		1299.66169,
346,		1273.93914,		1288.16607,		1299.97344,
347,		1274.70964,		1288.26062,		1298.43197,
348,		1272.37330,		1288.54581,		1299.17111,
349,		1276.65671,		1288.72707,		1299.49639,
350,		1275.81481,		1288.81452,		1299.35228,
351,		1275.71049,		1288.65876,		1299.49839,
352,		1275.33453,		1289.00079,		1299.92365,
353,		1273.63648,		1288.17037,		1299.78958,
354,		1275.61309,		1288.93739,		1299.99534,
355,		1271.27535,		1288.13547,		1299.76339,
356,		1276.78263,		1288.61415,		1297.56673,
357,		1276.51963,		1288.56376,		1299.20081,
358,		1275.56267,		1288.69815,		1299.81937,
359,		1273.93367,		1288.48433,		1299.93091,
360,		1273.59855,		1287.93533,		1298.03592,
361,		1273.96877,		1288.14545,		1298.05421,
362,		1273.96862,		1288.11399,		1298.02879,
363,		1276.20464,		1288.46849,		1296.76277,
364,		1277.35543,		1288.36361,		1299.34157,
365,		1275.71672,		1288.73148,		1299.58170,
366,		1275.78560,		1288.19528,		1298.79476,
367,		1276.75577,		1288.29754,		1298.87155,
368,		1276.54192,		1287.79135,		1299.12731,
369,		1275.11057,		1288.10035,		1299.67614,
370,		1274.80097,		1287.97162,		1299.77474,
371,		1277.83732,		1288.17328,		1296.53072,
372,		1277.54715,		1288.32937,		1298.53105,
373,		1275.19906,		1288.34511,		1299.08834,
374,		1276.55793,		1288.80076,		1298.57286,
375,		1277.29426,		1288.58835,		1299.88439,
376,		1277.31925,		1288.49587,		1299.00661,
377,		1276.06434,		1288.11098,		1299.87737,
378,		1277.67916,		1288.53942,		1298.75248,
379,		1276.16105,		1288.36996,		1299.51185,
380,		1276.30743,		1289.12247,		1299.88853,
381,		1272.32802,		1288.76663,		1299.70745,
382,		1277.35372,		1289.05107,		1299.24235,
383,		1275.76413,		1288.72696,		1299.97594,
384,		1276.40591,		1289.10769,		1299.83394,
385,		1276.39450,		1288.83061,		1297.98104,
386,		1276.29746,		1288.56077,		1299.41443,
387,		1275.67731,		1289.14330,		1298.79897,
388,		1275.87553,		1288.92996,		1299.51868,
389,		1277.80761,		1289.27497,		1299.83052,
390,		1277.54076,		1288.88702,		1299.43304,
391,		1276.13158,		1289.35681,		1299.38407,
392,		1272.37907,		1288.66141,		1298.63860,
393,		1272.72345,		1289.09020,		1299.08187,
394,		1276.83712,		1288.97119,		1299.93025,
395,		1275.90285,		1288.82020,		1298.97823,
396,		1275.08476,		1288.32450,		1298.97814,
397,		1273.86314,		1288.74018,		1299.39961,
398,		1273.64616,		1288.70696,		1299.70727,
399,		1275.87383,		1288.38325,		1299.40721,
