GEN,		MIN,			AVE,			MAX,
0,		0.58,		15.43,		34.96,
1,		4.02,		16.13,		32.46,
2,		0.49,		15.91,		32.09,
3,		2.89,		15.76,		31.80,
4,		1.74,		15.33,		32.29,
5,		0.22,		15.76,		33.39,
6,		1.42,		14.87,		32.07,
7,		3.59,		14.85,		32.23,
8,		0.18,		15.35,		33.53,
9,		0.50,		15.22,		29.23,
10,		4.39,		15.32,		28.40,
11,		1.75,		14.53,		29.94,
12,		0.21,		15.34,		32.93,
13,		0.29,		14.42,		28.93,
14,		0.99,		15.15,		28.26,
15,		0.73,		14.89,		28.21,
16,		0.87,		14.50,		28.66,
17,		0.32,		14.00,		26.51,
18,		2.54,		14.16,		27.49,
19,		0.98,		13.64,		29.63,
20,		2.75,		13.77,		30.66,
21,		1.14,		13.84,		27.09,
22,		0.71,		13.80,		25.80,
23,		2.25,		14.52,		29.29,
24,		0.21,		14.25,		27.42,
25,		2.75,		15.19,		29.15,
26,		3.89,		15.04,		31.16,
27,		4.69,		15.40,		33.39,
28,		2.28,		14.97,		31.98,
29,		0.33,		14.69,		27.55,
30,		1.04,		13.95,		29.50,
31,		0.72,		14.15,		28.28,
32,		2.78,		13.76,		29.10,
33,		0.59,		13.59,		25.27,
34,		1.07,		13.43,		28.84,
35,		0.48,		12.99,		25.22,
36,		0.09,		13.38,		27.78,
37,		0.06,		13.34,		25.81,
38,		2.59,		13.74,		26.82,
39,		0.37,		13.15,		26.01,
40,		0.76,		13.40,		28.92,
41,		1.56,		13.30,		25.92,
42,		0.90,		13.98,		33.58,
43,		3.01,		13.93,		26.49,
44,		0.06,		13.82,		26.10,
45,		0.87,		13.65,		26.75,
46,		1.96,		12.76,		26.22,
47,		2.73,		13.00,		27.17,
48,		0.20,		12.24,		25.34,
49,		3.24,		12.83,		24.33,
50,		0.42,		12.00,		23.64,
51,		1.77,		12.37,		24.76,
52,		0.57,		12.46,		25.94,
53,		2.37,		12.81,		24.88,
54,		1.29,		12.64,		24.23,
55,		0.74,		12.66,		22.33,
56,		0.15,		12.54,		23.83,
57,		0.22,		12.51,		23.75,
58,		0.11,		12.38,		28.24,
59,		2.89,		12.18,		26.22,
60,		1.77,		12.64,		27.51,
61,		1.19,		12.37,		24.19,
62,		0.09,		12.42,		25.50,
63,		0.72,		12.22,		25.84,
64,		1.74,		12.94,		24.23,
65,		0.13,		12.29,		24.44,
66,		0.95,		12.50,		22.44,
67,		0.41,		12.47,		25.10,
68,		0.10,		12.44,		26.30,
69,		0.41,		12.75,		25.77,
70,		0.22,		12.75,		27.38,
71,		0.92,		12.41,		25.31,
72,		1.46,		12.45,		26.01,
73,		1.04,		12.56,		25.71,
74,		0.18,		12.21,		26.75,
75,		1.73,		12.70,		28.57,
76,		1.92,		11.96,		24.03,
77,		0.42,		12.53,		33.36,
78,		0.40,		12.15,		27.65,
79,		0.67,		12.40,		24.91,
80,		1.58,		12.25,		24.09,
81,		0.14,		12.13,		23.63,
82,		1.17,		11.97,		22.09,
83,		1.59,		11.90,		26.52,
84,		0.14,		12.06,		24.94,
85,		0.09,		11.69,		25.77,
86,		1.38,		12.17,		24.52,
87,		1.28,		11.97,		22.84,
88,		1.60,		12.50,		25.64,
89,		1.73,		12.20,		23.83,
90,		2.25,		12.80,		25.69,
91,		1.87,		12.18,		24.28,
92,		0.67,		11.99,		24.68,
93,		0.04,		11.56,		24.64,
94,		0.11,		11.41,		21.27,
95,		1.47,		11.92,		22.99,
96,		1.87,		11.94,		26.95,
97,		0.69,		12.07,		24.21,
98,		0.34,		11.91,		25.02,
99,		0.06,		12.23,		22.69,
100,		0.32,		12.33,		23.46,
101,		2.31,		12.80,		29.53,
102,		0.37,		12.25,		24.76,
103,		0.30,		13.30,		27.56,
104,		2.68,		12.72,		24.96,
105,		0.45,		13.24,		28.61,
106,		2.28,		13.29,		26.15,
107,		1.63,		13.23,		25.97,
108,		2.26,		13.12,		29.94,
109,		1.14,		13.46,		29.44,
110,		2.34,		13.95,		27.11,
111,		0.76,		13.39,		28.38,
112,		1.18,		14.27,		31.05,
113,		2.17,		13.80,		27.42,
114,		2.07,		14.10,		33.38,
115,		1.47,		13.47,		27.89,
116,		2.10,		13.71,		25.58,
117,		0.49,		13.24,		25.03,
118,		1.27,		13.75,		26.35,
119,		0.30,		13.46,		24.45,
120,		0.31,		13.25,		25.51,
121,		0.22,		13.43,		26.38,
122,		1.25,		13.37,		28.52,
123,		3.04,		13.62,		23.10,
124,		0.26,		13.00,		23.85,
125,		0.24,		13.48,		27.25,
126,		1.22,		13.14,		26.49,
127,		0.35,		13.18,		24.97,
128,		0.33,		12.96,		25.91,
129,		1.59,		13.13,		25.38,
130,		1.19,		12.59,		23.19,
131,		0.27,		12.39,		23.74,
132,		1.11,		12.53,		24.58,
133,		0.34,		12.35,		27.11,
134,		0.72,		12.39,		25.21,
135,		1.15,		12.59,		23.94,
136,		0.84,		12.50,		25.52,
137,		1.66,		12.48,		26.79,
138,		1.50,		12.47,		22.82,
139,		0.35,		12.29,		23.56,
140,		0.13,		12.66,		24.18,
141,		0.24,		12.32,		24.17,
142,		0.07,		12.36,		27.34,
143,		0.69,		12.33,		25.39,
144,		0.76,		12.06,		25.30,
145,		0.04,		12.17,		23.18,
146,		0.29,		12.19,		26.75,
147,		3.20,		12.79,		27.89,
148,		1.47,		12.29,		24.41,
149,		0.66,		12.34,		25.23,
150,		2.59,		11.74,		26.43,
151,		0.25,		12.23,		27.78,
152,		0.13,		11.72,		25.00,
153,		0.93,		11.98,		25.14,
154,		1.01,		11.63,		28.38,
155,		0.02,		11.98,		22.77,
156,		0.59,		11.68,		23.37,
157,		0.52,		11.58,		23.53,
158,		1.75,		11.39,		23.11,
159,		1.28,		11.05,		25.71,
160,		0.29,		11.09,		24.22,
161,		0.06,		10.94,		20.27,
162,		0.10,		11.45,		24.51,
163,		0.07,		11.01,		25.35,
164,		0.08,		11.31,		23.29,
165,		0.07,		10.97,		25.21,
166,		0.77,		11.76,		25.08,
167,		1.57,		11.63,		23.94,
168,		0.07,		12.20,		26.51,
169,		0.66,		11.64,		22.17,
170,		0.01,		11.79,		27.20,
171,		0.41,		11.57,		25.89,
172,		0.07,		11.35,		22.68,
173,		0.29,		11.62,		23.08,
174,		0.66,		10.74,		22.22,
175,		0.21,		10.96,		22.27,
176,		0.31,		10.25,		27.27,
177,		0.27,		10.75,		24.16,
178,		0.06,		10.43,		24.50,
179,		0.68,		10.86,		24.61,
180,		0.51,		10.67,		22.04,
181,		1.10,		10.77,		27.41,
182,		0.64,		10.92,		23.63,
183,		0.00,		10.98,		24.35,
184,		0.67,		11.55,		26.88,
185,		0.44,		11.04,		21.17,
186,		0.51,		11.14,		24.32,
187,		0.45,		11.29,		22.85,
188,		0.02,		11.74,		25.67,
189,		0.05,		11.64,		21.47,
190,		0.17,		11.94,		22.48,
191,		0.17,		11.69,		24.06,
192,		0.30,		12.01,		26.45,
193,		0.13,		12.25,		23.79,
194,		0.20,		12.48,		26.65,
195,		0.84,		12.37,		24.19,
196,		2.70,		12.15,		24.33,
197,		0.47,		12.33,		26.98,
198,		1.75,		12.12,		26.26,
199,		1.01,		12.00,		29.52,
200,		0.23,		11.58,		21.82,
201,		0.24,		11.82,		25.99,
202,		0.06,		11.53,		25.45,
203,		1.47,		11.60,		24.94,
204,		1.19,		11.49,		24.40,
205,		0.66,		11.46,		23.42,
206,		0.22,		10.98,		25.08,
207,		1.61,		10.90,		23.22,
208,		1.63,		11.26,		23.43,
209,		0.33,		11.40,		26.60,
210,		0.78,		11.39,		24.46,
211,		0.29,		11.14,		23.33,
212,		0.03,		11.17,		23.48,
213,		0.11,		10.76,		22.90,
214,		0.46,		10.94,		21.55,
215,		0.22,		10.29,		23.33,
216,		0.66,		10.68,		24.61,
217,		0.17,		10.04,		22.21,
218,		0.18,		10.44,		23.21,
219,		0.65,		9.98,		22.34,
220,		0.31,		10.06,		22.47,
221,		0.94,		9.98,		22.36,
222,		0.09,		9.87,		20.91,
223,		0.04,		9.98,		27.95,
224,		0.19,		10.28,		23.67,
225,		0.15,		10.57,		19.76,
226,		0.21,		9.88,		21.43,
227,		0.23,		10.59,		22.31,
228,		0.61,		10.14,		20.40,
229,		0.22,		10.65,		22.89,
230,		0.21,		10.30,		22.49,
231,		0.01,		10.57,		20.59,
232,		0.91,		10.55,		26.73,
233,		0.13,		10.59,		24.29,
234,		1.05,		10.56,		21.13,
235,		1.01,		10.56,		22.90,
236,		0.28,		10.99,		24.46,
237,		0.11,		10.40,		22.59,
238,		2.71,		10.67,		25.47,
239,		1.10,		10.58,		24.29,
240,		0.69,		11.12,		22.28,
241,		0.52,		10.50,		23.55,
242,		0.54,		11.20,		24.00,
243,		0.27,		11.09,		25.37,
244,		0.51,		11.08,		22.75,
245,		0.04,		11.23,		22.93,
246,		0.66,		11.04,		21.59,
247,		0.23,		11.13,		22.30,
248,		0.76,		11.48,		22.95,
249,		1.07,		12.00,		25.42,
250,		0.71,		11.70,		24.53,
251,		1.09,		11.73,		24.57,
252,		0.13,		11.49,		26.43,
253,		1.49,		11.85,		20.83,
254,		0.12,		11.61,		25.08,
255,		2.62,		11.75,		23.91,
256,		0.22,		11.76,		24.29,
257,		0.22,		11.84,		21.95,
258,		1.78,		11.80,		21.54,
259,		1.55,		11.66,		24.97,
260,		0.01,		11.65,		22.54,
261,		0.20,		11.29,		22.80,
262,		0.79,		11.30,		22.12,
263,		0.18,		10.91,		25.92,
264,		1.95,		11.32,		26.32,
265,		0.51,		11.35,		25.94,
266,		1.98,		11.49,		22.64,
267,		1.57,		11.22,		24.01,
268,		1.64,		11.66,		21.47,
269,		0.69,		11.29,		21.87,
270,		1.97,		11.54,		21.57,
271,		0.91,		11.55,		22.96,
272,		0.54,		11.34,		21.62,
273,		2.00,		11.66,		22.70,
274,		0.32,		11.42,		21.93,
275,		2.82,		11.80,		26.23,
276,		0.09,		11.40,		24.41,
277,		1.01,		11.95,		23.04,
278,		0.10,		11.51,		24.66,
279,		0.47,		12.18,		23.86,
280,		0.59,		11.52,		24.39,
281,		0.61,		12.13,		23.73,
282,		0.83,		11.81,		25.20,
283,		0.81,		11.82,		21.91,
284,		2.20,		12.09,		24.70,
285,		0.46,		11.97,		21.06,
286,		1.97,		11.87,		22.54,
287,		0.65,		11.81,		21.75,
288,		1.43,		11.85,		23.61,
289,		0.05,		11.54,		21.83,
290,		1.75,		11.99,		23.05,
291,		2.28,		11.31,		23.10,
292,		1.94,		11.61,		24.82,
293,		0.14,		11.23,		20.47,
294,		0.43,		11.42,		22.23,
295,		0.90,		11.08,		22.40,
296,		1.02,		11.28,		27.13,
297,		0.68,		10.89,		24.53,
298,		0.27,		10.87,		22.92,
299,		0.38,		11.42,		23.72,
300,		0.30,		10.97,		22.60,
301,		0.75,		11.41,		28.64,
302,		0.26,		11.18,		22.22,
303,		0.23,		11.58,		22.26,
304,		0.17,		11.06,		22.55,
305,		0.63,		11.45,		25.05,
306,		0.27,		11.06,		21.57,
307,		0.55,		11.21,		22.95,
308,		0.44,		10.92,		23.88,
309,		0.67,		10.81,		20.44,
310,		0.41,		11.01,		25.15,
311,		0.28,		11.38,		24.70,
312,		3.15,		11.69,		22.70,
313,		1.48,		11.95,		23.52,
314,		1.18,		12.33,		30.15,
315,		0.67,		11.56,		22.84,
316,		2.15,		12.19,		23.28,
317,		0.57,		11.82,		25.98,
318,		1.34,		12.39,		25.39,
319,		3.18,		11.96,		22.88,
320,		0.19,		12.09,		22.92,
321,		0.67,		12.22,		27.05,
322,		0.30,		11.90,		21.96,
323,		0.34,		12.06,		22.40,
324,		0.87,		11.83,		28.24,
325,		0.05,		12.03,		22.72,
326,		0.40,		11.74,		24.74,
327,		0.02,		12.40,		27.24,
328,		1.36,		12.22,		25.88,
329,		0.17,		12.53,		29.95,
330,		1.87,		12.71,		28.47,
331,		0.50,		12.46,		23.24,
332,		0.12,		12.35,		23.81,
333,		0.12,		12.72,		25.56,
334,		2.23,		12.54,		26.96,
335,		0.09,		12.49,		27.36,
336,		0.91,		12.69,		26.94,
337,		1.84,		12.39,		24.22,
338,		0.15,		12.68,		28.50,
339,		0.35,		12.28,		27.47,
340,		0.70,		12.39,		24.41,
341,		0.80,		11.91,		24.52,
342,		0.06,		12.02,		25.19,
343,		1.43,		11.54,		25.21,
344,		0.90,		11.90,		24.34,
345,		0.34,		11.54,		23.53,
346,		0.03,		11.83,		26.06,
347,		1.57,		11.74,		25.29,
348,		0.83,		11.45,		27.63,
349,		0.50,		11.27,		23.34,
350,		0.65,		11.19,		24.19,
351,		0.50,		11.34,		24.29,
352,		0.08,		11.00,		24.67,
353,		0.21,		11.83,		26.36,
354,		0.00,		11.06,		24.39,
355,		0.24,		11.86,		28.72,
356,		2.43,		11.39,		23.22,
357,		0.80,		11.44,		23.48,
358,		0.18,		11.30,		24.44,
359,		0.07,		11.52,		26.07,
360,		1.96,		12.06,		26.40,
361,		1.95,		11.85,		26.03,
362,		1.97,		11.89,		26.03,
363,		3.24,		11.53,		23.80,
364,		0.66,		11.64,		22.64,
365,		0.42,		11.27,		24.28,
366,		1.21,		11.80,		24.21,
367,		1.13,		11.70,		23.24,
368,		0.87,		12.21,		23.46,
369,		0.32,		11.90,		24.89,
370,		0.23,		12.03,		25.20,
371,		3.47,		11.83,		22.16,
372,		1.47,		11.67,		22.45,
373,		0.91,		11.65,		24.80,
374,		1.43,		11.20,		23.44,
375,		0.12,		11.41,		22.71,
376,		0.99,		11.50,		22.68,
377,		0.12,		11.89,		23.94,
378,		1.25,		11.46,		22.32,
379,		0.49,		11.63,		23.84,
380,		0.11,		10.88,		23.69,
381,		0.29,		11.23,		27.67,
382,		0.76,		10.95,		22.65,
383,		0.02,		11.27,		24.24,
384,		0.17,		10.89,		23.59,
385,		2.02,		11.17,		23.61,
386,		0.59,		11.44,		23.70,
387,		1.20,		10.86,		24.32,
388,		0.48,		11.07,		24.12,
389,		0.17,		10.73,		22.19,
390,		0.57,		11.11,		22.46,
391,		0.62,		10.64,		23.87,
392,		1.36,		11.34,		27.62,
393,		0.92,		10.91,		27.28,
394,		0.07,		11.03,		23.16,
395,		1.02,		11.18,		24.10,
396,		1.02,		11.68,		24.92,
397,		0.60,		11.26,		26.14,
398,		0.29,		11.29,		26.35,
399,		0.59,		11.62,		24.13,
