GEN,		MIN,			AVE,			MAX,
0,		12.73742,		418.49782,		498.03613,
1,		77.32669,		461.98931,		498.04498,
2,		157.62308,		472.59402,		498.04395,
3,		194.38474,		476.59439,		498.04526,
4,		265.72658,		481.86696,		498.04078,
5,		254.61917,		483.06633,		498.03816,
6,		264.31685,		482.64739,		498.02154,
7,		316.40743,		485.31201,		498.02569,
8,		294.88684,		484.20334,		498.02915,
9,		262.89767,		483.16743,		498.01885,
10,		254.04651,		482.57367,		498.02005,
11,		230.78151,		482.33178,		498.01778,
12,		284.71870,		484.49250,		498.04135,
13,		293.50141,		485.24596,		498.04055,
14,		317.60021,		486.53668,		498.03443,
15,		334.49803,		488.03699,		498.03805,
16,		319.23882,		488.25525,		498.03763,
17,		319.31479,		489.01766,		498.03071,
18,		356.00251,		490.18650,		498.03926,
19,		336.70628,		489.63388,		498.03942,
20,		342.15191,		490.03456,		498.03762,
21,		379.62876,		491.44888,		498.04247,
22,		302.68535,		488.24001,		498.04591,
23,		294.96164,		488.70647,		498.03870,
24,		310.51903,		488.01136,		498.04098,
25,		386.77893,		491.97211,		498.04052,
26,		343.12615,		490.46822,		498.04184,
27,		404.56659,		492.60302,		498.04490,
28,		346.11948,		490.46092,		498.03650,
29,		356.77001,		490.92984,		498.04772,
30,		430.70129,		493.46067,		498.05045,
31,		373.84419,		491.26993,		498.04601,
32,		363.87446,		491.12813,		498.02104,
33,		340.80953,		490.82252,		498.02965,
34,		375.90953,		491.46197,		498.01103,
35,		373.92401,		491.78586,		498.02059,
36,		392.38047,		491.52309,		498.01586,
37,		380.97465,		492.43144,		498.01480,
38,		405.73485,		492.95854,		498.01259,
39,		392.92253,		492.48473,		498.00491,
40,		392.31902,		493.36635,		498.00955,
41,		405.19144,		493.37277,		498.01212,
42,		365.67631,		492.41193,		498.01062,
43,		407.60180,		493.75302,		498.01605,
44,		418.97675,		493.84259,		497.99727,
45,		429.75803,		494.08358,		497.99116,
46,		436.71277,		494.46785,		498.00500,
47,		433.33890,		494.54007,		498.00195,
48,		410.90237,		493.78498,		497.94105,
49,		423.19280,		494.24555,		497.93827,
50,		420.72281,		494.41426,		497.94605,
51,		420.84741,		494.46794,		497.93693,
52,		407.81081,		493.80577,		497.94097,
53,		435.08986,		494.62014,		497.90575,
54,		434.39582,		494.54254,		497.88758,
55,		438.81378,		494.29066,		497.90376,
56,		435.66676,		494.49437,		497.89338,
57,		438.96187,		494.81634,		497.92096,
58,		417.93614,		494.05151,		497.92980,
59,		425.88590,		494.16511,		497.87931,
60,		434.02611,		494.69286,		497.88768,
61,		445.14738,		494.82226,		497.89301,
62,		453.06828,		494.94526,		497.89731,
63,		383.27478,		493.09157,		497.89913,
64,		422.50003,		494.05169,		497.90001,
65,		435.11948,		494.58130,		497.90703,
66,		419.96508,		493.65672,		497.88678,
67,		428.83310,		493.82733,		497.93811,
68,		432.59639,		494.15977,		497.93923,
69,		440.94121,		494.01013,		497.67129,
70,		414.25483,		493.26709,		497.85858,
71,		423.99423,		493.27340,		497.86458,
72,		450.54476,		494.74563,		497.85044,
73,		422.06231,		493.81013,		497.84570,
74,		444.39748,		494.34177,		497.85026,
75,		463.41110,		495.08159,		497.85806,
76,		443.56157,		494.57721,		497.85910,
77,		442.41709,		494.53494,		497.89858,
78,		434.86947,		494.65586,		497.83174,
79,		448.21042,		494.84223,		497.81049,
80,		469.78043,		495.39133,		497.84449,
81,		434.50077,		494.46228,		497.91514,
82,		465.07558,		495.21320,		497.91580,
83,		434.40335,		494.71022,		497.81972,
84,		424.07223,		494.52982,		497.81022,
85,		459.92584,		495.24564,		497.77986,
86,		475.77287,		495.55730,		497.92260,
87,		465.64991,		495.18968,		497.91729,
88,		457.72085,		494.82010,		497.91643,
89,		424.33724,		494.23015,		497.78983,
90,		470.83854,		495.40859,		497.80343,
91,		430.04718,		494.50283,		497.80221,
92,		470.67772,		495.32410,		497.92233,
93,		478.79178,		495.18347,		497.90467,
94,		465.63080,		494.74191,		497.77423,
95,		441.25825,		494.25974,		497.90389,
96,		472.41578,		495.45420,		497.89793,
97,		460.30423,		495.12748,		497.84055,
98,		479.49399,		495.64897,		497.73319,
99,		473.87287,		495.36124,		497.70861,
