GEN,		MIN,			AVE,			MAX,
0,		0.92797,		0.99429,		0.99800,
1,		0.92876,		0.99467,		0.99800,
2,		0.92661,		0.99360,		0.99800,
3,		0.95057,		0.99664,		0.99800,
4,		0.95057,		0.99659,		0.99800,
5,		0.82822,		0.99328,		0.99800,
6,		0.98881,		0.99733,		0.99800,
7,		0.96752,		0.99671,		0.99800,
8,		0.96906,		0.99595,		0.99800,
9,		0.96906,		0.99629,		0.99800,
10,		0.96546,		0.99643,		0.99800,
11,		0.94830,		0.99394,		0.99800,
12,		0.92138,		0.99252,		0.99800,
13,		0.96632,		0.99618,		0.99800,
14,		0.95189,		0.99297,		0.99800,
15,		0.95189,		0.99447,		0.99800,
16,		0.95187,		0.99657,		0.99800,
17,		0.95187,		0.99672,		0.99800,
18,		0.95187,		0.99543,		0.99800,
19,		0.87350,		0.99420,		0.99800,
20,		0.87350,		0.99406,		0.99800,
21,		0.98079,		0.99711,		0.99800,
22,		0.93558,		0.99579,		0.99800,
23,		0.92139,		0.99331,		0.99800,
24,		0.92139,		0.99330,		0.99800,
25,		0.93640,		0.99577,		0.99800,
26,		0.93640,		0.99491,		0.99800,
27,		0.94271,		0.99481,		0.99800,
28,		0.95217,		0.99604,		0.99800,
29,		0.87360,		0.99299,		0.99800,
30,		0.93385,		0.99490,		0.99800,
31,		0.93385,		0.99583,		0.99800,
32,		0.96987,		0.99648,		0.99800,
33,		0.97137,		0.99733,		0.99800,
34,		0.93385,		0.99550,		0.99800,
35,		0.94266,		0.99498,		0.99800,
36,		0.97815,		0.99719,		0.99800,
37,		0.96689,		0.99634,		0.99800,
38,		0.97492,		0.99636,		0.99800,
39,		0.94267,		0.99381,		0.99800,
40,		0.91480,		0.98804,		0.99800,
41,		0.75245,		0.98820,		0.99800,
42,		0.92122,		0.99237,		0.99800,
43,		0.92122,		0.99271,		0.99800,
44,		0.91492,		0.99162,		0.99800,
45,		0.92972,		0.99276,		0.99800,
46,		0.92108,		0.99202,		0.99800,
47,		0.92108,		0.99384,		0.99800,
48,		0.92108,		0.99409,		0.99800,
49,		0.92691,		0.99294,		0.99800,
50,		0.96681,		0.99357,		0.99800,
51,		0.93371,		0.99433,		0.99800,
52,		0.96685,		0.99329,		0.99800,
53,		0.92710,		0.99223,		0.99800,
54,		0.95786,		0.99295,		0.99800,
55,		0.96718,		0.99286,		0.99800,
56,		0.96869,		0.99464,		0.99800,
57,		0.96784,		0.99428,		0.99800,
58,		0.94266,		0.99509,		0.99800,
59,		0.94266,		0.99368,		0.99800,
60,		0.92683,		0.99150,		0.99800,
61,		0.92721,		0.99096,		0.99800,
62,		0.92721,		0.99082,		0.99800,
63,		0.91547,		0.99263,		0.99800,
64,		0.91547,		0.99327,		0.99800,
65,		0.95027,		0.99675,		0.99800,
66,		0.94266,		0.99621,		0.99800,
67,		0.94266,		0.99638,		0.99800,
68,		0.94266,		0.99642,		0.99800,
69,		0.94266,		0.99642,		0.99800,
70,		0.94266,		0.99688,		0.99800,
71,		0.99741,		0.99798,		0.99800,
72,		0.99741,		0.99797,		0.99800,
73,		0.99741,		0.99797,		0.99800,
74,		0.99741,		0.99797,		0.99800,
75,		0.99788,		0.99798,		0.99800,
76,		0.99787,		0.99798,		0.99800,
77,		0.99787,		0.99799,		0.99800,
78,		0.99787,		0.99799,		0.99800,
79,		0.99788,		0.99799,		0.99800,
80,		0.99788,		0.99799,		0.99800,
81,		0.99787,		0.99799,		0.99800,
82,		0.99787,		0.99798,		0.99800,
83,		0.99792,		0.99799,		0.99800,
84,		0.99792,		0.99798,		0.99800,
85,		0.99789,		0.99798,		0.99800,
86,		0.99789,		0.99798,		0.99800,
87,		0.99789,		0.99798,		0.99800,
88,		0.99788,		0.99797,		0.99800,
89,		0.99788,		0.99798,		0.99800,
90,		0.99788,		0.99797,		0.99800,
91,		0.99788,		0.99798,		0.99800,
92,		0.99788,		0.99798,		0.99800,
93,		0.99788,		0.99798,		0.99800,
94,		0.99787,		0.99799,		0.99800,
95,		0.99792,		0.99799,		0.99800,
96,		0.99792,		0.99799,		0.99800,
97,		0.99792,		0.99799,		0.99800,
98,		0.99789,		0.99799,		0.99800,
99,		0.99789,		0.99799,		0.99800,
