GEN,		MIN,			AVE,			MAX,
0,		0.00201,		0.00744,		0.12821,
1,		0.00201,		0.00413,		0.08205,
2,		0.00201,		0.00281,		0.03528,
3,		0.00201,		0.00324,		0.05671,
4,		0.00201,		0.00237,		0.01500,
5,		0.00201,		0.00220,		0.00920,
6,		0.00201,		0.00235,		0.01495,
7,		0.00201,		0.00215,		0.00701,
8,		0.00201,		0.00256,		0.01832,
9,		0.00201,		0.00232,		0.01457,
10,		0.00201,		0.00240,		0.01662,
11,		0.00201,		0.00282,		0.02621,
12,		0.00201,		0.00246,		0.01835,
13,		0.00201,		0.00225,		0.01117,
14,		0.00201,		0.00220,		0.00941,
15,		0.00201,		0.00238,		0.01892,
16,		0.00201,		0.00226,		0.01201,
17,		0.00201,		0.00224,		0.01013,
18,		0.00201,		0.00209,		0.00523,
19,		0.00201,		0.00223,		0.01189,
20,		0.00201,		0.00227,		0.01393,
21,		0.00201,		0.00212,		0.00660,
22,		0.00201,		0.00228,		0.01279,
23,		0.00201,		0.00225,		0.01273,
24,		0.00201,		0.00279,		0.03522,
25,		0.00201,		0.00210,		0.00563,
26,		0.00201,		0.00252,		0.02640,
27,		0.00201,		0.00210,		0.00596,
28,		0.00201,		0.00221,		0.00926,
29,		0.00201,		0.00222,		0.00948,
30,		0.00201,		0.00203,		0.00257,
31,		0.00201,		0.00219,		0.00937,
32,		0.00201,		0.00219,		0.00917,
33,		0.00201,		0.00224,		0.01236,
34,		0.00201,		0.00228,		0.01366,
35,		0.00201,		0.00214,		0.00768,
36,		0.00201,		0.00242,		0.01848,
37,		0.00201,		0.00210,		0.00586,
38,		0.00201,		0.00210,		0.00587,
39,		0.00201,		0.00236,		0.01730,
40,		0.00201,		0.00207,		0.00478,
41,		0.00201,		0.00244,		0.01998,
42,		0.00201,		0.00211,		0.00658,
43,		0.00201,		0.00207,		0.00445,
44,		0.00201,		0.00205,		0.00344,
45,		0.00201,		0.00205,		0.00371,
46,		0.00201,		0.00203,		0.00270,
47,		0.00201,		0.00203,		0.00276,
48,		0.00201,		0.00209,		0.00543,
49,		0.00201,		0.00210,		0.00599,
50,		0.00201,		0.00208,		0.00509,
51,		0.00201,		0.00203,		0.00289,
52,		0.00201,		0.00207,		0.00466,
53,		0.00201,		0.00204,		0.00337,
54,		0.00201,		0.00204,		0.00292,
55,		0.00201,		0.00209,		0.00481,
56,		0.00201,		0.00207,		0.00404,
57,		0.00201,		0.00203,		0.00289,
58,		0.00201,		0.00207,		0.00463,
59,		0.00201,		0.00204,		0.00292,
60,		0.00201,		0.00212,		0.00722,
61,		0.00201,		0.00206,		0.00442,
62,		0.00201,		0.00205,		0.00344,
63,		0.00201,		0.00214,		0.00708,
64,		0.00201,		0.00205,		0.00369,
65,		0.00201,		0.00205,		0.00359,
66,		0.00201,		0.00217,		0.00736,
67,		0.00201,		0.00207,		0.00418,
68,		0.00201,		0.00206,		0.00381,
69,		0.00201,		0.00204,		0.00263,
70,		0.00201,		0.00214,		0.00754,
71,		0.00201,		0.00235,		0.01399,
72,		0.00201,		0.00205,		0.00383,
73,		0.00201,		0.00212,		0.00586,
74,		0.00201,		0.00203,		0.00258,
75,		0.00201,		0.00202,		0.00221,
76,		0.00201,		0.00205,		0.00370,
77,		0.00201,		0.00205,		0.00362,
78,		0.00201,		0.00208,		0.00541,
79,		0.00201,		0.00203,		0.00243,
80,		0.00201,		0.00202,		0.00216,
81,		0.00201,		0.00207,		0.00449,
82,		0.00201,		0.00241,		0.02151,
83,		0.00201,		0.00204,		0.00299,
84,		0.00201,		0.00243,		0.02250,
85,		0.00201,		0.00206,		0.00441,
86,		0.00201,		0.00202,		0.00213,
87,		0.00201,		0.00202,		0.00231,
88,		0.00201,		0.00218,		0.00996,
89,		0.00201,		0.00211,		0.00677,
90,		0.00201,		0.00202,		0.00219,
91,		0.00201,		0.00209,		0.00549,
92,		0.00201,		0.00202,		0.00215,
93,		0.00201,		0.00202,		0.00211,
94,		0.00201,		0.00204,		0.00322,
95,		0.00201,		0.00229,		0.00979,
96,		0.00201,		0.00202,		0.00220,
97,		0.00201,		0.00203,		0.00250,
98,		0.00201,		0.00202,		0.00210,
99,		0.00201,		0.00202,		0.00215,
