GEN,		MIN,			AVE,			MAX,
0,		65.15,		71.45,		78.03,
1,		65.15,		71.61,		78.03,
2,		64.18,		71.49,		77.87,
3,		63.16,		71.26,		77.87,
4,		64.30,		71.55,		77.77,
5,		63.51,		71.08,		77.19,
6,		64.28,		70.99,		77.82,
7,		63.69,		70.49,		77.82,
8,		62.58,		70.29,		77.82,
9,		62.58,		70.47,		78.38,
10,		63.51,		70.42,		78.38,
11,		64.81,		70.48,		78.39,
12,		63.20,		70.08,		78.39,
13,		63.20,		70.47,		76.93,
14,		63.20,		70.52,		75.71,
15,		62.72,		70.27,		76.86,
16,		62.66,		70.12,		76.70,
17,		63.92,		70.57,		75.71,
18,		64.22,		70.64,		77.17,
19,		64.22,		70.83,		77.17,
20,		64.17,		70.90,		76.69,
21,		64.14,		71.13,		77.34,
22,		64.25,		71.19,		77.86,
23,		64.17,		71.97,		77.87,
24,		64.17,		71.59,		77.92,
25,		64.87,		71.75,		77.87,
26,		64.87,		72.17,		77.92,
27,		66.69,		72.80,		77.92,
28,		66.39,		72.46,		78.08,
29,		66.39,		72.46,		77.58,
30,		65.52,		72.60,		77.85,
31,		65.27,		73.30,		78.35,
32,		65.93,		73.43,		78.35,
33,		65.93,		73.58,		78.35,
34,		64.58,		74.37,		78.17,
35,		68.09,		74.37,		78.16,
36,		68.49,		74.52,		78.01,
37,		67.19,		74.23,		78.01,
38,		67.19,		74.92,		78.47,
39,		66.79,		74.70,		77.92,
40,		67.19,		74.96,		77.92,
41,		69.81,		75.29,		77.92,
42,		69.81,		75.37,		77.76,
43,		69.35,		75.28,		78.31,
44,		72.17,		75.79,		78.03,
45,		71.87,		75.73,		78.03,
46,		71.76,		75.76,		77.93,
47,		72.41,		75.83,		77.93,
48,		72.41,		75.90,		77.92,
49,		72.57,		76.01,		77.92,
50,		68.47,		76.03,		77.93,
51,		68.47,		76.06,		77.93,
52,		68.47,		75.96,		77.75,
53,		68.46,		76.19,		77.75,
54,		68.46,		76.15,		77.92,
55,		68.46,		75.69,		77.80,
56,		68.46,		76.06,		77.87,
57,		68.46,		75.54,		77.87,
58,		68.46,		75.71,		77.96,
59,		68.46,		75.69,		77.95,
60,		68.46,		75.60,		77.95,
61,		68.30,		75.36,		77.92,
62,		68.30,		75.09,		77.96,
63,		72.55,		75.63,		77.92,
64,		69.19,		75.60,		77.96,
65,		69.36,		75.92,		77.92,
66,		69.36,		76.09,		77.95,
67,		69.36,		76.34,		77.94,
68,		69.36,		76.33,		78.07,
69,		71.00,		76.33,		78.14,
70,		71.00,		76.37,		78.14,
71,		69.03,		76.59,		78.14,
72,		72.73,		76.63,		78.14,
73,		72.73,		76.59,		78.14,
74,		70.99,		76.47,		78.14,
75,		69.94,		76.63,		78.14,
76,		70.08,		76.88,		78.59,
77,		70.08,		76.68,		78.59,
78,		70.08,		76.50,		78.59,
79,		70.08,		76.59,		78.59,
80,		72.88,		76.83,		78.07,
81,		71.68,		76.84,		78.07,
82,		73.49,		76.70,		77.95,
83,		73.27,		76.64,		77.97,
84,		72.61,		76.53,		77.94,
85,		72.61,		76.48,		77.95,
86,		72.38,		76.39,		77.94,
87,		72.38,		76.43,		77.93,
88,		72.70,		76.67,		77.90,
89,		72.70,		76.44,		77.93,
90,		72.40,		76.24,		77.93,
91,		72.32,		76.27,		77.96,
92,		71.38,		76.13,		77.96,
93,		72.32,		76.23,		77.94,
94,		72.32,		76.27,		77.94,
95,		72.40,		76.42,		77.97,
96,		72.40,		76.29,		77.94,
97,		72.42,		76.16,		77.94,
98,		72.41,		76.04,		77.94,
99,		72.43,		76.41,		77.94,
