GEN,		MIN,			AVE,			MAX,
0,		0.00201,		0.00908,		0.15699,
1,		0.00201,		0.00437,		0.11212,
2,		0.00201,		0.00505,		0.11212,
3,		0.00201,		0.00441,		0.04931,
4,		0.00201,		0.00303,		0.04926,
5,		0.00201,		0.00315,		0.04928,
6,		0.00201,		0.00444,		0.04929,
7,		0.00201,		0.00635,		0.10956,
8,		0.00201,		0.00831,		0.10956,
9,		0.00201,		0.00562,		0.10168,
10,		0.00201,		0.00425,		0.04445,
11,		0.00201,		0.00268,		0.02230,
12,		0.00201,		0.00276,		0.02494,
13,		0.00201,		0.00271,		0.02494,
14,		0.00201,		0.00316,		0.03085,
15,		0.00201,		0.00210,		0.00345,
16,		0.00201,		0.00209,		0.00345,
17,		0.00201,		0.00290,		0.04120,
18,		0.00201,		0.00618,		0.20200,
19,		0.00201,		0.00222,		0.00377,
20,		0.00201,		0.00425,		0.04110,
21,		0.00201,		0.00684,		0.14029,
22,		0.00201,		0.00989,		0.18269,
23,		0.00201,		0.00960,		0.18269,
24,		0.00201,		0.00550,		0.14029,
25,		0.00201,		0.00569,		0.13211,
26,		0.00201,		0.00473,		0.05355,
27,		0.00201,		0.00220,		0.00985,
28,		0.00201,		0.00207,		0.00281,
29,		0.00201,		0.00292,		0.02510,
30,		0.00201,		0.00233,		0.01601,
31,		0.00201,		0.00314,		0.04132,
32,		0.00201,		0.00373,		0.04132,
33,		0.00201,		0.00220,		0.00805,
34,		0.00201,		0.00246,		0.02191,
35,		0.00201,		0.00672,		0.16558,
36,		0.00201,		0.00923,		0.16558,
37,		0.00201,		0.00537,		0.16558,
38,		0.00201,		0.00211,		0.00324,
39,		0.00201,		0.00291,		0.04083,
40,		0.00201,		0.00318,		0.04709,
41,		0.00201,		0.00324,		0.04709,
42,		0.00201,		0.00347,		0.04709,
43,		0.00201,		0.00347,		0.04587,
44,		0.00201,		0.00353,		0.04084,
45,		0.00201,		0.00264,		0.00765,
46,		0.00201,		0.00243,		0.00699,
47,		0.00201,		0.00270,		0.01488,
48,		0.00201,		0.00258,		0.00709,
49,		0.00201,		0.00273,		0.00709,
50,		0.00201,		0.00285,		0.00709,
51,		0.00201,		0.00272,		0.01566,
52,		0.00201,		0.00271,		0.01566,
53,		0.00201,		0.00291,		0.01566,
54,		0.00201,		0.00374,		0.02268,
55,		0.00201,		0.00318,		0.02219,
56,		0.00201,		0.00819,		0.25089,
57,		0.00201,		0.00779,		0.25089,
58,		0.00201,		0.00251,		0.00675,
59,		0.00201,		0.00762,		0.15589,
60,		0.00201,		0.00432,		0.09725,
61,		0.00201,		0.00218,		0.00608,
62,		0.00201,		0.00424,		0.08872,
63,		0.00201,		0.00494,		0.08872,
64,		0.00201,		0.00584,		0.08872,
65,		0.00201,		0.00261,		0.01566,
66,		0.00201,		0.00287,		0.01566,
67,		0.00201,		0.00287,		0.01566,
68,		0.00201,		0.00312,		0.02978,
69,		0.00201,		0.00292,		0.02978,
70,		0.00201,		0.00211,		0.00384,
71,		0.00201,		0.00205,		0.00355,
72,		0.00201,		0.00208,		0.00376,
73,		0.00201,		0.00204,		0.00328,
74,		0.00201,		0.00207,		0.00348,
75,		0.00201,		0.00210,		0.00348,
76,		0.00201,		0.00298,		0.02656,
77,		0.00201,		0.01339,		0.47899,
78,		0.00201,		0.01324,		0.47899,
79,		0.00201,		0.01319,		0.47899,
80,		0.00201,		0.00408,		0.02978,
81,		0.00201,		0.00398,		0.02978,
82,		0.00201,		0.00425,		0.02978,
83,		0.00201,		0.00475,		0.02978,
84,		0.00201,		0.00272,		0.01956,
85,		0.00201,		0.00308,		0.01956,
86,		0.00201,		0.00274,		0.01956,
87,		0.00201,		0.00241,		0.01956,
88,		0.00201,		0.00276,		0.01956,
89,		0.00201,		0.00303,		0.03126,
90,		0.00201,		0.00460,		0.03126,
91,		0.00201,		0.00495,		0.03126,
92,		0.00201,		0.00472,		0.03126,
93,		0.00201,		0.00317,		0.02019,
94,		0.00201,		0.00353,		0.02019,
95,		0.00201,		0.00320,		0.01956,
96,		0.00201,		0.00363,		0.02229,
97,		0.00201,		0.00444,		0.02234,
98,		0.00201,		0.00440,		0.02234,
99,		0.00201,		0.00482,		0.03126,
