GEN,		MIN,			AVE,			MAX,
0,		1.28,		15.11,		31.50,
1,		2.39,		15.39,		30.77,
2,		1.41,		15.11,		30.41,
3,		1.55,		15.31,		32.00,
4,		1.90,		15.00,		30.60,
5,		1.70,		15.38,		30.04,
6,		1.95,		15.07,		30.05,
7,		1.81,		15.09,		29.67,
8,		1.55,		15.31,		31.09,
9,		1.81,		15.09,		29.57,
10,		2.00,		15.34,		32.87,
11,		1.38,		14.81,		30.44,
12,		1.09,		15.21,		29.71,
13,		1.42,		14.64,		29.52,
14,		1.80,		15.25,		30.92,
15,		1.30,		14.83,		29.48,
16,		1.92,		14.91,		30.42,
17,		1.33,		14.93,		31.24,
18,		1.61,		15.07,		31.22,
19,		1.86,		14.83,		30.52,
20,		1.56,		14.96,		29.70,
21,		1.37,		15.05,		30.89,
22,		1.52,		14.64,		30.77,
23,		1.71,		15.10,		31.49,
24,		1.67,		14.66,		30.04,
25,		2.40,		15.09,		31.05,
26,		1.62,		14.60,		30.27,
27,		1.57,		14.77,		29.42,
28,		1.56,		14.55,		29.76,
29,		1.32,		14.65,		30.12,
30,		1.54,		14.58,		30.82,
31,		1.11,		14.74,		29.89,
32,		1.59,		14.73,		30.10,
33,		1.89,		14.66,		30.17,
34,		1.63,		14.70,		30.70,
35,		1.84,		14.41,		29.20,
36,		1.86,		14.65,		29.44,
37,		1.27,		14.47,		29.20,
38,		2.65,		14.95,		29.11,
39,		1.48,		14.42,		28.59,
40,		1.56,		14.57,		29.47,
41,		1.43,		14.41,		28.16,
42,		2.08,		14.75,		29.84,
43,		1.38,		14.49,		30.98,
44,		1.92,		14.53,		29.71,
45,		1.90,		14.59,		28.32,
46,		1.66,		14.33,		28.77,
47,		1.52,		14.54,		28.95,
48,		1.15,		14.18,		29.71,
49,		2.30,		14.64,		29.44,
50,		1.48,		13.98,		27.92,
51,		1.76,		14.53,		28.36,
52,		1.95,		14.12,		27.66,
53,		2.21,		14.43,		28.56,
54,		1.04,		14.24,		28.90,
55,		1.64,		14.18,		27.88,
56,		1.55,		14.42,		28.94,
57,		1.42,		14.26,		29.08,
58,		1.22,		14.34,		27.25,
59,		2.10,		14.13,		28.83,
60,		2.40,		14.54,		29.23,
61,		1.32,		14.30,		27.63,
62,		1.82,		14.53,		29.31,
63,		1.61,		14.24,		29.17,
64,		2.41,		14.62,		28.28,
65,		1.37,		14.25,		28.60,
66,		1.80,		14.56,		28.41,
67,		1.91,		14.51,		27.94,
68,		2.43,		14.56,		28.18,
69,		1.28,		14.43,		28.56,
70,		1.93,		14.61,		29.18,
71,		1.48,		14.52,		28.97,
72,		2.53,		14.49,		28.76,
73,		1.94,		14.74,		28.79,
74,		1.57,		14.53,		29.84,
75,		1.92,		14.92,		29.19,
76,		1.96,		14.40,		30.19,
77,		1.44,		14.84,		28.60,
78,		2.08,		14.53,		28.61,
79,		1.62,		14.84,		29.95,
80,		2.28,		14.62,		28.66,
81,		1.84,		14.75,		28.82,
82,		1.72,		14.65,		28.60,
83,		1.52,		14.56,		29.25,
84,		1.76,		14.77,		28.38,
85,		1.37,		14.29,		29.45,
86,		2.04,		14.74,		29.35,
87,		2.08,		14.37,		27.55,
88,		1.63,		14.69,		28.19,
89,		1.80,		14.20,		28.10,
90,		2.13,		14.75,		27.97,
91,		2.39,		14.33,		28.21,
92,		1.75,		14.67,		28.24,
93,		2.00,		14.49,		28.18,
94,		1.28,		14.65,		27.90,
95,		2.75,		14.58,		29.03,
96,		2.02,		14.65,		28.69,
97,		1.45,		14.75,		28.98,
98,		2.03,		14.34,		28.55,
99,		1.97,		14.66,		29.06,
100,		3.07,		14.47,		28.01,
101,		2.74,		14.80,		30.37,
102,		1.88,		14.35,		27.19,
103,		2.15,		14.63,		28.78,
104,		2.33,		14.23,		27.72,
105,		2.15,		14.65,		28.64,
106,		2.58,		14.47,		28.62,
107,		2.10,		14.36,		28.51,
108,		2.16,		14.43,		29.08,
109,		1.64,		14.35,		29.27,
110,		2.11,		14.48,		27.87,
111,		1.94,		14.23,		29.65,
112,		2.26,		14.67,		29.31,
113,		1.45,		14.13,		27.63,
114,		2.71,		14.59,		27.84,
115,		1.38,		14.14,		27.96,
116,		2.25,		14.65,		28.27,
117,		2.01,		14.21,		27.68,
118,		1.89,		14.49,		28.01,
119,		1.51,		14.48,		27.99,
120,		1.96,		14.27,		29.42,
121,		2.19,		14.41,		28.05,
122,		1.78,		14.29,		28.44,
123,		2.52,		14.61,		27.65,
124,		2.06,		14.16,		27.32,
125,		2.64,		14.62,		28.93,
126,		2.50,		14.20,		28.72,
127,		2.36,		14.50,		27.53,
128,		1.82,		14.30,		27.93,
129,		1.80,		14.46,		28.14,
130,		2.35,		14.26,		27.56,
131,		1.44,		14.17,		27.99,
132,		1.76,		14.38,		28.42,
133,		2.17,		14.25,		29.87,
134,		2.24,		14.42,		27.95,
135,		2.07,		14.59,		28.77,
136,		1.66,		14.47,		29.71,
137,		2.47,		14.51,		28.16,
138,		1.79,		14.45,		28.64,
139,		1.49,		14.22,		28.12,
140,		1.67,		14.56,		29.04,
141,		1.35,		14.16,		27.62,
142,		1.88,		14.37,		27.61,
143,		2.19,		14.38,		28.23,
144,		2.13,		14.20,		28.25,
145,		1.60,		14.32,		27.52,
146,		2.06,		14.12,		27.31,
147,		2.17,		14.06,		27.95,
148,		1.46,		14.02,		27.01,
149,		1.58,		14.25,		28.13,
150,		1.85,		13.88,		29.47,
151,		2.60,		14.47,		28.11,
152,		1.82,		13.84,		27.58,
153,		2.41,		14.34,		28.67,
154,		2.02,		14.09,		28.12,
155,		1.70,		14.36,		26.88,
156,		2.24,		14.08,		26.98,
157,		2.64,		14.12,		28.76,
158,		1.35,		14.16,		27.69,
159,		2.21,		14.19,		27.22,
160,		2.01,		14.14,		27.38,
161,		2.31,		13.94,		26.94,
162,		2.32,		14.32,		27.53,
163,		1.35,		13.83,		27.02,
164,		2.76,		14.24,		27.33,
165,		1.42,		13.83,		28.64,
166,		2.72,		14.26,		27.17,
167,		2.22,		14.13,		28.63,
168,		1.80,		14.37,		29.17,
169,		2.36,		14.18,		27.58,
170,		1.99,		14.36,		27.28,
171,		1.81,		14.22,		26.82,
172,		2.56,		14.11,		26.70,
173,		1.80,		14.30,		27.88,
174,		2.93,		14.00,		27.19,
175,		2.17,		14.46,		27.05,
176,		1.88,		13.98,		26.78,
177,		2.19,		14.45,		28.00,
178,		1.84,		14.18,		27.32,
179,		2.47,		14.40,		27.58,
180,		2.05,		14.03,		27.68,
181,		3.11,		14.37,		27.99,
182,		2.12,		14.29,		27.13,
183,		2.35,		14.18,		27.01,
184,		2.14,		14.64,		28.78,
185,		1.58,		14.21,		28.77,
186,		2.82,		14.53,		27.70,
187,		1.25,		14.17,		28.49,
188,		2.15,		14.51,		27.70,
189,		1.76,		14.13,		26.32,
190,		2.51,		14.70,		27.94,
191,		2.68,		14.32,		27.81,
192,		2.39,		14.48,		26.93,
193,		1.91,		14.20,		27.22,
194,		2.18,		14.47,		27.74,
195,		2.10,		14.37,		27.30,
196,		2.26,		14.22,		29.10,
197,		1.80,		14.40,		28.30,
198,		2.32,		14.19,		26.60,
199,		2.63,		14.27,		29.69,
200,		2.44,		14.12,		27.43,
201,		2.33,		14.39,		27.71,
202,		1.85,		14.20,		27.81,
203,		2.20,		14.43,		28.22,
204,		2.08,		14.35,		28.09,
205,		2.74,		14.39,		28.20,
206,		1.86,		14.21,		27.59,
207,		2.93,		14.31,		27.96,
208,		2.32,		14.36,		28.07,
209,		2.77,		14.25,		27.30,
210,		1.93,		14.35,		27.25,
211,		2.30,		14.15,		27.10,
212,		2.37,		14.36,		28.06,
213,		1.06,		13.99,		27.79,
214,		2.79,		14.40,		28.14,
215,		2.27,		14.08,		28.21,
216,		2.39,		14.55,		29.97,
217,		1.56,		14.13,		26.91,
218,		2.15,		14.48,		27.17,
219,		2.58,		14.18,		28.61,
220,		2.58,		14.44,		28.24,
221,		2.13,		14.31,		27.80,
222,		1.93,		14.21,		27.33,
223,		2.49,		14.29,		27.34,
224,		2.73,		14.34,		26.10,
225,		2.45,		14.47,		28.29,
226,		2.30,		13.94,		26.91,
227,		3.03,		14.55,		28.07,
228,		1.94,		13.88,		26.10,
229,		1.95,		14.48,		27.09,
230,		2.62,		14.20,		26.82,
231,		3.14,		14.40,		27.29,
232,		2.39,		14.21,		26.94,
233,		2.42,		14.29,		27.32,
234,		2.37,		14.33,		27.85,
235,		1.84,		14.30,		26.56,
236,		1.72,		14.57,		28.08,
237,		2.59,		14.14,		27.51,
238,		2.49,		14.52,		30.52,
239,		1.75,		14.12,		27.31,
240,		2.77,		14.59,		27.46,
241,		2.40,		14.13,		28.08,
242,		1.91,		14.64,		27.56,
243,		2.35,		14.45,		28.05,
244,		2.87,		14.47,		28.40,
245,		2.93,		14.49,		28.76,
246,		2.68,		14.25,		26.64,
247,		2.50,		14.45,		28.19,
248,		2.02,		14.38,		28.21,
249,		2.10,		14.57,		28.01,
250,		1.46,		14.35,		27.02,
251,		3.01,		14.78,		28.14,
252,		1.75,		14.36,		27.93,
253,		3.39,		14.65,		27.43,
254,		2.43,		14.36,		28.06,
255,		2.67,		14.57,		27.77,
256,		2.32,		14.53,		27.67,
257,		2.34,		14.51,		26.34,
258,		2.88,		14.45,		28.15,
259,		2.02,		14.31,		27.42,
260,		2.37,		14.50,		26.92,
261,		2.46,		14.44,		27.95,
262,		2.59,		14.70,		28.00,
263,		2.37,		14.21,		27.39,
264,		2.72,		14.48,		27.53,
265,		2.21,		14.27,		28.30,
266,		2.65,		14.51,		27.36,
267,		2.42,		14.06,		27.39,
268,		1.85,		14.42,		27.84,
269,		2.02,		14.25,		28.08,
270,		2.80,		14.34,		26.87,
271,		2.26,		14.37,		28.23,
272,		1.97,		14.19,		27.97,
273,		2.66,		14.31,		27.08,
274,		1.75,		14.19,		27.27,
275,		3.14,		14.33,		26.72,
276,		2.06,		13.93,		27.03,
277,		2.15,		14.34,		26.81,
278,		2.03,		13.79,		25.95,
279,		2.67,		14.53,		27.29,
280,		2.79,		13.83,		26.74,
281,		2.47,		14.35,		27.27,
282,		1.98,		14.08,		28.02,
283,		2.53,		14.04,		26.63,
284,		2.17,		14.22,		27.92,
285,		2.01,		14.10,		27.23,
286,		2.29,		14.22,		27.45,
287,		2.78,		14.06,		27.11,
288,		2.36,		14.23,		27.35,
289,		2.15,		13.84,		26.76,
290,		2.74,		14.29,		27.58,
291,		2.44,		13.82,		27.21,
292,		2.23,		14.13,		28.16,
293,		1.98,		13.89,		27.39,
294,		2.53,		14.14,		27.54,
295,		2.54,		13.87,		27.85,
296,		2.54,		14.21,		28.82,
297,		1.92,		14.03,		27.59,
298,		2.15,		13.96,		27.37,
299,		1.89,		14.05,		27.01,
300,		2.21,		13.73,		26.86,
301,		2.05,		14.06,		27.46,
302,		1.98,		13.79,		26.66,
303,		2.32,		14.09,		27.03,
304,		2.14,		13.70,		27.81,
305,		1.88,		14.07,		26.31,
306,		2.03,		13.75,		27.88,
307,		2.06,		13.91,		27.42,
308,		2.14,		13.87,		26.80,
309,		1.55,		13.92,		26.52,
310,		1.98,		14.04,		28.84,
311,		1.61,		13.93,		28.38,
312,		2.52,		13.86,		26.23,
313,		1.62,		13.67,		28.91,
314,		2.51,		14.17,		28.15,
315,		2.08,		13.64,		26.14,
316,		3.02,		14.23,		27.29,
317,		1.60,		13.56,		27.43,
318,		1.91,		14.02,		26.47,
319,		2.63,		13.76,		27.79,
320,		2.14,		13.91,		26.51,
321,		1.82,		13.94,		26.60,
322,		1.90,		13.59,		25.59,
323,		2.11,		13.84,		26.32,
324,		1.88,		13.78,		28.37,
325,		2.38,		13.95,		26.31,
326,		2.08,		13.46,		27.41,
327,		2.18,		13.96,		26.67,
328,		1.85,		13.59,		26.62,
329,		1.97,		13.80,		26.34,
330,		1.43,		13.66,		26.44,
331,		1.53,		13.50,		26.35,
332,		1.32,		13.41,		26.18,
333,		1.20,		13.59,		27.08,
334,		1.55,		13.39,		26.45,
335,		2.56,		13.43,		26.32,
336,		2.38,		13.73,		27.01,
337,		1.79,		13.50,		25.82,
338,		2.83,		13.64,		26.05,
339,		2.18,		13.28,		26.56,
340,		2.39,		13.62,		27.25,
341,		2.28,		13.36,		25.49,
342,		2.08,		13.48,		25.31,
343,		1.88,		13.22,		26.55,
344,		2.19,		13.53,		26.49,
345,		2.23,		13.09,		25.98,
346,		1.69,		13.37,		26.39,
347,		1.92,		13.46,		26.37,
348,		1.82,		13.15,		28.63,
349,		2.23,		13.27,		26.06,
350,		1.73,		13.23,		27.11,
351,		2.12,		13.41,		25.83,
352,		1.72,		13.13,		26.13,
353,		1.97,		13.64,		25.43,
354,		1.91,		13.11,		25.49,
355,		2.11,		13.51,		26.68,
356,		2.23,		13.22,		27.88,
357,		1.71,		13.46,		25.97,
358,		2.24,		13.11,		26.29,
359,		1.62,		13.27,		27.08,
360,		2.15,		13.40,		26.33,
361,		1.80,		13.09,		25.53,
362,		1.91,		13.46,		27.12,
363,		2.19,		13.22,		26.60,
364,		1.16,		13.41,		25.65,
365,		1.33,		12.99,		25.64,
366,		2.14,		13.34,		26.48,
367,		2.11,		13.00,		25.38,
368,		1.87,		13.37,		25.05,
369,		1.61,		13.05,		26.51,
370,		1.80,		13.41,		27.09,
371,		2.75,		13.23,		26.24,
372,		1.88,		13.44,		25.72,
373,		2.22,		13.67,		26.60,
374,		2.14,		13.26,		24.96,
375,		2.10,		13.51,		25.75,
376,		1.98,		13.36,		26.36,
377,		2.12,		13.65,		25.81,
378,		2.09,		13.30,		26.19,
379,		1.92,		13.63,		26.31,
380,		2.00,		13.39,		26.49,
381,		2.61,		13.72,		26.92,
382,		2.46,		13.52,		27.41,
383,		1.81,		13.70,		26.76,
384,		1.46,		13.23,		25.68,
385,		1.38,		13.46,		26.32,
386,		2.10,		13.63,		26.93,
387,		1.92,		13.16,		25.76,
388,		2.67,		13.55,		27.27,
389,		1.23,		13.16,		25.91,
390,		2.23,		13.62,		26.18,
391,		1.75,		13.19,		25.97,
392,		1.45,		13.56,		26.95,
393,		1.57,		13.42,		26.51,
394,		2.45,		13.55,		26.29,
395,		1.84,		13.49,		26.71,
396,		2.44,		13.73,		26.55,
397,		2.12,		13.39,		25.80,
398,		2.37,		13.45,		26.49,
399,		2.07,		13.78,		27.03,
