GEN,		MIN,			AVE,			MAX,
0,		1268.49532,		1284.88820,		1298.71900,
1,		1269.22533,		1284.60885,		1297.61204,
2,		1269.58813,		1284.88484,		1298.58608,
3,		1267.99638,		1284.69133,		1298.45196,
4,		1269.40243,		1285.00426,		1298.10181,
5,		1269.95803,		1284.62204,		1298.30196,
6,		1269.94454,		1284.92638,		1298.05166,
7,		1270.32673,		1284.90849,		1298.18799,
8,		1268.91376,		1284.68536,		1298.45391,
9,		1270.42636,		1284.91504,		1298.19454,
10,		1267.12898,		1284.65574,		1297.99648,
11,		1269.55673,		1285.18847,		1298.61530,
12,		1270.29395,		1284.78927,		1298.91420,
13,		1270.48392,		1285.35587,		1298.57678,
14,		1269.07885,		1284.75518,		1298.20035,
15,		1270.51981,		1285.16767,		1298.69870,
16,		1269.57840,		1285.08495,		1298.07733,
17,		1268.75785,		1285.07175,		1298.67259,
18,		1268.77795,		1284.93422,		1298.38833,
19,		1269.47494,		1285.16681,		1298.14028,
20,		1270.29885,		1285.03585,		1298.44089,
21,		1269.11160,		1284.95291,		1298.63298,
22,		1269.22504,		1285.36175,		1298.47482,
23,		1268.51261,		1284.90113,		1298.28975,
24,		1269.95638,		1285.33971,		1298.33259,
25,		1268.95522,		1284.91372,		1297.59571,
26,		1269.72665,		1285.40500,		1298.38054,
27,		1270.57562,		1285.22405,		1298.42625,
28,		1270.23724,		1285.45210,		1298.44225,
29,		1269.87521,		1285.35075,		1298.68181,
30,		1269.18331,		1285.42264,		1298.46124,
31,		1270.10890,		1285.26290,		1298.88821,
32,		1269.90464,		1285.26534,		1298.40725,
33,		1269.83083,		1285.34133,		1298.11170,
34,		1269.29942,		1285.29614,		1298.36964,
35,		1270.79721,		1285.59250,		1298.16336,
36,		1270.56402,		1285.35374,		1298.14395,
37,		1270.79681,		1285.53443,		1298.73290,
38,		1270.89353,		1285.05532,		1297.35081,
39,		1271.41135,		1285.58174,		1298.52135,
40,		1270.53091,		1285.42904,		1298.43641,
41,		1271.83925,		1285.59243,		1298.56576,
42,		1270.16102,		1285.25404,		1297.91921,
43,		1269.01502,		1285.50988,		1298.62259,
44,		1270.29287,		1285.46941,		1298.08201,
45,		1271.68369,		1285.40926,		1298.09827,
46,		1271.22578,		1285.66944,		1298.34134,
47,		1271.05164,		1285.45641,		1298.47667,
48,		1270.29333,		1285.81874,		1298.84897,
49,		1270.56140,		1285.36113,		1297.69767,
50,		1272.07512,		1286.01902,		1298.51760,
51,		1271.64246,		1285.46912,		1298.23504,
52,		1272.34057,		1285.88165,		1298.04672,
53,		1271.44373,		1285.57160,		1297.79285,
54,		1271.10409,		1285.75812,		1298.96487,
55,		1272.11556,		1285.81653,		1298.35684,
56,		1271.06275,		1285.57641,		1298.45352,
57,		1270.91644,		1285.74205,		1298.57820,
58,		1272.74414,		1285.65807,		1298.77514,
59,		1271.16798,		1285.87073,		1297.89643,
60,		1270.76608,		1285.46235,		1297.59698,
61,		1272.36976,		1285.70068,		1298.67688,
62,		1270.69250,		1285.46645,		1298.18140,
63,		1270.83410,		1285.75654,		1298.38551,
64,		1271.71600,		1285.37660,		1297.58830,
65,		1271.39900,		1285.75079,		1298.63270,
66,		1271.58609,		1285.43642,		1298.20062,
67,		1272.06228,		1285.48894,		1298.08733,
68,		1271.81724,		1285.43829,		1297.57342,
69,		1271.44156,		1285.57450,		1298.71711,
70,		1270.81517,		1285.38648,		1298.06412,
71,		1271.02749,		1285.47643,		1298.51519,
72,		1271.23692,		1285.51165,		1297.47466,
73,		1271.20760,		1285.25776,		1298.05724,
74,		1270.15898,		1285.47262,		1298.43004,
75,		1270.80803,		1285.08340,		1298.08462,
76,		1269.80614,		1285.59764,		1298.03719,
77,		1271.40372,		1285.15928,		1298.55639,
78,		1271.39380,		1285.47047,		1297.91796,
79,		1270.05524,		1285.16036,		1298.38318,
80,		1271.34040,		1285.37553,		1297.72536,
81,		1271.18310,		1285.25213,		1298.16194,
82,		1271.39605,		1285.35054,		1298.27681,
83,		1270.74901,		1285.44071,		1298.47997,
84,		1271.62302,		1285.22935,		1298.23990,
85,		1270.54686,		1285.70968,		1298.62761,
86,		1270.65113,		1285.26492,		1297.96331,
87,		1272.44607,		1285.63136,		1297.91708,
88,		1271.81029,		1285.30542,		1298.36551,
89,		1271.90213,		1285.80309,		1298.19512,
90,		1272.03193,		1285.24762,		1297.87234,
91,		1271.79182,		1285.67360,		1297.60717,
92,		1271.75464,		1285.32622,		1298.25166,
93,		1271.81611,		1285.50751,		1298.00507,
94,		1272.09840,		1285.34985,		1298.71701,
95,		1270.97104,		1285.41638,		1297.24918,
96,		1271.31224,		1285.35310,		1297.98379,
97,		1271.01682,		1285.24930,		1298.54872,
98,		1271.44813,		1285.66062,		1297.97083,
99,		1270.93637,		1285.33907,		1298.02986,
100,		1271.99142,		1285.53063,		1296.93269,
101,		1269.62723,		1285.19611,		1297.25722,
102,		1272.80939,		1285.64591,		1298.12026,
103,		1271.22450,		1285.36917,		1297.85082,
104,		1272.27607,		1285.76814,		1297.66908,
105,		1271.36209,		1285.34547,		1297.84499,
106,		1271.38373,		1285.53443,		1297.42210,
107,		1271.49052,		1285.64415,		1297.90336,
108,		1270.92480,		1285.56746,		1297.84035,
109,		1270.72660,		1285.64741,		1298.35544,
110,		1272.12551,		1285.52159,		1297.88686,
111,		1270.35354,		1285.77192,		1298.06250,
112,		1270.68953,		1285.33056,		1297.73592,
113,		1272.36732,		1285.87437,		1298.55299,
114,		1272.16080,		1285.41047,		1297.28660,
115,		1272.04397,		1285.86355,		1298.61695,
116,		1271.72811,		1285.35537,		1297.75173,
117,		1272.31525,		1285.78982,		1297.98757,
118,		1271.99469,		1285.51371,		1298.10596,
119,		1272.00644,		1285.51795,		1298.49223,
120,		1270.58437,		1285.73098,		1298.03918,
121,		1271.94636,		1285.58531,		1297.81347,
122,		1271.55886,		1285.71219,		1298.22443,
123,		1272.34976,		1285.39389,		1297.47770,
124,		1272.67626,		1285.83730,		1297.94389,
125,		1271.07019,		1285.37794,		1297.35728,
126,		1271.27633,		1285.79969,		1297.49850,
127,		1272.47484,		1285.50149,		1297.64279,
128,		1272.07069,		1285.70261,		1298.18408,
129,		1271.86385,		1285.54542,		1298.20294,
130,		1272.44212,		1285.73835,		1297.65307,
131,		1272.00642,		1285.82848,		1298.55668,
132,		1271.57755,		1285.61903,		1298.24167,
133,		1270.12837,		1285.75412,		1297.82612,
134,		1272.05365,		1285.58038,		1297.75521,
135,		1271.23270,		1285.40683,		1297.93337,
136,		1270.28747,		1285.52600,		1298.34513,
137,		1271.83507,		1285.48841,		1297.53246,
138,		1271.35614,		1285.54487,		1298.20939,
139,		1271.87686,		1285.78190,		1298.51530,
140,		1270.95623,		1285.44360,		1298.32788,
141,		1272.38321,		1285.83560,		1298.64488,
142,		1272.38964,		1285.63399,		1298.11945,
143,		1271.76491,		1285.62464,		1297.80781,
144,		1271.75232,		1285.79911,		1297.86543,
145,		1272.47622,		1285.68263,		1298.39818,
146,		1272.69199,		1285.87634,		1297.94016,
147,		1272.04646,		1285.94322,		1297.82734,
148,		1272.98867,		1285.97631,		1298.54091,
149,		1271.86850,		1285.74625,		1298.41975,
150,		1270.53456,		1286.11668,		1298.15290,
151,		1271.88886,		1285.53068,		1297.39481,
152,		1272.41793,		1286.15717,		1298.17793,
153,		1271.32698,		1285.66400,		1297.58755,
154,		1271.87655,		1285.90551,		1297.97850,
155,		1273.11755,		1285.63485,		1298.29825,
156,		1273.01739,		1285.91783,		1297.75572,
157,		1271.23680,		1285.88246,		1297.36237,
158,		1272.30879,		1285.84355,		1298.65082,
159,		1272.78225,		1285.81117,		1297.79318,
160,		1272.61564,		1285.86237,		1297.98711,
161,		1273.05645,		1286.06445,		1297.69437,
162,		1272.47247,		1285.67964,		1297.67947,
163,		1272.97551,		1286.16617,		1298.65412,
164,		1272.67450,		1285.76040,		1297.24332,
165,		1271.35853,		1286.17088,		1298.57691,
166,		1272.83360,		1285.74354,		1297.28359,
167,		1271.37220,		1285.86773,		1297.77578,
168,		1270.82964,		1285.62629,		1298.19780,
169,		1272.42095,		1285.82107,		1297.64354,
170,		1272.72011,		1285.64409,		1298.00595,
171,		1273.17753,		1285.78127,		1298.19451,
172,		1273.30093,		1285.88832,		1297.44215,
173,		1272.12229,		1285.69633,		1298.20244,
174,		1272.80494,		1286.00138,		1297.06865,
175,		1272.95098,		1285.53765,		1297.83454,
176,		1273.22285,		1286.02010,		1298.11462,
177,		1272.00357,		1285.54605,		1297.81243,
178,		1272.68180,		1285.81988,		1298.16381,
179,		1272.41746,		1285.60046,		1297.53093,
180,		1272.32129,		1285.97144,		1297.95129,
181,		1272.01085,		1285.63235,		1296.88872,
182,		1272.86600,		1285.71286,		1297.87726,
183,		1272.98981,		1285.81552,		1297.65083,
184,		1271.22008,		1285.35960,		1297.86414,
185,		1271.22735,		1285.78894,		1298.41994,
186,		1272.29592,		1285.47027,		1297.17618,
187,		1271.51163,		1285.82722,		1298.75212,
188,		1272.30189,		1285.48601,		1297.84541,
189,		1273.67999,		1285.87058,		1298.23559,
190,		1272.06134,		1285.29995,		1297.49321,
191,		1272.19336,		1285.67543,		1297.32011,
192,		1273.07221,		1285.52305,		1297.60865,
193,		1272.77657,		1285.80382,		1298.08539,
194,		1272.25997,		1285.53249,		1297.81766,
195,		1272.69629,		1285.63127,		1297.89738,
196,		1270.90525,		1285.77790,		1297.74163,
197,		1271.70280,		1285.59861,		1298.19549,
198,		1273.39797,		1285.80979,		1297.68126,
199,		1270.30734,		1285.73385,		1297.36781,
200,		1272.56617,		1285.88001,		1297.56584,
201,		1272.29197,		1285.61127,		1297.67321,
202,		1272.18610,		1285.79663,		1298.14973,
203,		1271.77861,		1285.56648,		1297.80332,
204,		1271.90802,		1285.64419,		1297.92231,
205,		1271.79799,		1285.61203,		1297.25644,
206,		1272.40535,		1285.78506,		1298.14520,
207,		1272.04122,		1285.68441,		1297.06553,
208,		1271.92522,		1285.64087,		1297.68337,
209,		1272.70438,		1285.75199,		1297.22944,
210,		1272.75217,		1285.65361,		1298.06873,
211,		1272.90500,		1285.85396,		1297.70085,
212,		1271.94217,		1285.63686,		1297.62879,
213,		1272.21549,		1286.00901,		1298.93771,
214,		1271.85730,		1285.60188,		1297.20672,
215,		1271.79086,		1285.92516,		1297.72635,
216,		1270.03602,		1285.44525,		1297.61445,
217,		1273.08603,		1285.86682,		1298.43902,
218,		1272.83215,		1285.52516,		1297.84540,
219,		1271.39424,		1285.82456,		1297.42326,
220,		1271.75555,		1285.56152,		1297.41636,
221,		1272.19898,		1285.69198,		1297.86770,
222,		1272.66658,		1285.79382,		1298.06622,
223,		1272.65698,		1285.70658,		1297.51018,
224,		1273.90619,		1285.65540,		1297.26818,
225,		1271.71294,		1285.53183,		1297.55200,
226,		1273.09012,		1286.05778,		1297.70323,
227,		1271.92440,		1285.45474,		1296.97373,
228,		1273.89648,		1286.11807,		1298.06042,
229,		1272.91351,		1285.52001,		1298.04735,
230,		1273.17816,		1285.79953,		1297.37714,
231,		1272.71120,		1285.59766,		1296.86263,
232,		1273.06189,		1285.78492,		1297.61388,
233,		1272.67643,		1285.70820,		1297.57614,
234,		1272.15179,		1285.67049,		1297.62757,
235,		1273.44142,		1285.70307,		1298.16329,
236,		1271.91955,		1285.42951,		1298.28057,
237,		1272.48460,		1285.86191,		1297.40981,
238,		1269.47924,		1285.47695,		1297.50929,
239,		1272.68562,		1285.88122,		1298.24861,
240,		1272.54422,		1285.40780,		1297.22712,
241,		1271.92194,		1285.87298,		1297.59852,
242,		1272.44180,		1285.35873,		1298.08473,
243,		1271.95340,		1285.55436,		1297.64628,
244,		1271.60174,		1285.52851,		1297.13007,
245,		1271.23598,		1285.50899,		1297.06631,
246,		1273.36096,		1285.75215,		1297.31573,
247,		1271.80753,		1285.55474,		1297.49535,
248,		1271.79458,		1285.61615,		1297.97669,
249,		1271.98825,		1285.42919,		1297.89685,
250,		1272.97760,		1285.65503,		1298.54428,
251,		1271.86356,		1285.21611,		1296.99000,
252,		1272.06703,		1285.63613,		1298.24865,
253,		1272.57423,		1285.34633,		1296.61171,
254,		1271.94093,		1285.64376,		1297.57385,
255,		1272.23222,		1285.42946,		1297.32691,
256,		1272.32943,		1285.47252,		1297.67751,
257,		1273.66168,		1285.49013,		1297.66515,
258,		1271.85370,		1285.55332,		1297.11497,
259,		1272.57551,		1285.69524,		1297.98243,
260,		1273.08301,		1285.49567,		1297.63333,
261,		1272.04562,		1285.55886,		1297.54119,
262,		1272.00141,		1285.30229,		1297.41136,
263,		1272.61316,		1285.78776,		1297.62776,
264,		1272.46978,		1285.52478,		1297.27604,
265,		1271.69659,		1285.73262,		1297.78905,
266,		1272.64589,		1285.48605,		1297.35452,
267,		1272.61048,		1285.93554,		1297.58063,
268,		1272.16236,		1285.58262,		1298.15240,
269,		1271.92177,		1285.74835,		1297.97581,
270,		1273.12735,		1285.66239,		1297.19703,
271,		1271.76673,		1285.63425,		1297.74121,
272,		1272.03298,		1285.81019,		1298.03335,
273,		1272.91940,		1285.68757,		1297.33941,
274,		1272.73426,		1285.80738,		1298.24650,
275,		1273.28184,		1285.67038,		1296.86033,
276,		1272.96515,		1286.07114,		1297.94465,
277,		1273.19429,		1285.66289,		1297.84580,
278,		1274.04815,		1286.20585,		1297.97541,
279,		1272.70983,		1285.46692,		1297.33134,
280,		1273.25708,		1286.16525,		1297.21359,
281,		1272.73261,		1285.65449,		1297.53021,
282,		1271.97834,		1285.91962,		1298.01590,
283,		1273.37056,		1285.95548,		1297.47059,
284,		1272.08003,		1285.77965,		1297.83362,
285,		1272.77242,		1285.90369,		1297.99232,
286,		1272.55472,		1285.77536,		1297.71215,
287,		1272.89466,		1285.93449,		1297.21609,
288,		1272.64582,		1285.76556,		1297.64451,
289,		1273.23750,		1286.16369,		1297.84906,
290,		1272.41968,		1285.71443,		1297.26204,
291,		1272.78760,		1286.18172,		1297.56451,
292,		1271.84357,		1285.86598,		1297.77538,
293,		1272.61467,		1286.11153,		1298.01645,
294,		1272.45578,		1285.85756,		1297.47187,
295,		1272.14577,		1286.12919,		1297.46341,
296,		1271.17760,		1285.79526,		1297.46267,
297,		1272.41153,		1285.96995,		1298.07901,
298,		1272.62754,		1286.04401,		1297.85309,
299,		1272.99079,		1285.95113,		1298.10788,
300,		1273.13802,		1286.26747,		1297.79442,
301,		1272.53716,		1285.94346,		1297.94636,
302,		1273.34062,		1286.20552,		1298.02038,
303,		1272.97323,		1285.91529,		1297.68074,
304,		1272.18616,		1286.30410,		1297.86313,
305,		1273.68901,		1285.93329,		1298.11721,
306,		1272.12235,		1286.25240,		1297.96535,
307,		1272.58244,		1286.09232,		1297.93619,
308,		1273.20331,		1286.12929,		1297.86221,
309,		1273.47993,		1286.08260,		1298.45043,
310,		1271.16251,		1285.96036,		1298.01532,
311,		1271.62333,		1286.06750,		1298.39014,
312,		1273.76924,		1286.14540,		1297.47574,
313,		1271.09281,		1286.33242,		1298.38225,
314,		1271.85349,		1285.83094,		1297.49017,
315,		1273.85989,		1286.35955,		1297.91758,
316,		1272.71104,		1285.76772,		1296.97699,
317,		1272.56438,		1286.44164,		1298.39507,
318,		1273.53402,		1285.98141,		1298.08784,
319,		1272.21298,		1286.23734,		1297.37014,
320,		1273.48687,		1286.08744,		1297.85737,
321,		1273.40433,		1286.05697,		1298.18229,
322,		1274.40752,		1286.40962,		1298.10336,
323,		1273.67709,		1286.16037,		1297.89190,
324,		1271.62751,		1286.21874,		1298.12363,
325,		1273.69280,		1286.05375,		1297.61596,
326,		1272.58906,		1286.54101,		1297.91497,
327,		1273.32688,		1286.03605,		1297.81885,
328,		1273.37539,		1286.41005,		1298.14921,
329,		1273.65726,		1286.20469,		1298.02810,
330,		1273.56319,		1286.33838,		1298.57491,
331,		1273.65467,		1286.50180,		1298.46709,
332,		1273.82233,		1286.58811,		1298.68102,
333,		1272.91955,		1286.41179,		1298.79819,
334,		1273.54572,		1286.61417,		1298.45477,
335,		1273.67998,		1286.57525,		1297.43756,
336,		1272.98661,		1286.26829,		1297.61739,
337,		1274.17574,		1286.50159,		1298.20911,
338,		1273.94520,		1286.36006,		1297.17299,
339,		1273.43614,		1286.72461,		1297.82454,
340,		1272.74818,		1286.38088,		1297.60701,
341,		1274.50986,		1286.64026,		1297.72135,
342,		1274.68973,		1286.51787,		1297.92109,
343,		1273.44918,		1286.77630,		1298.11977,
344,		1273.51475,		1286.46691,		1297.80611,
345,		1274.02040,		1286.90547,		1297.76823,
346,		1273.61305,		1286.63136,		1298.30919,
347,		1273.63344,		1286.54252,		1298.08012,
348,		1271.36667,		1286.84801,		1298.17562,
349,		1273.93952,		1286.73003,		1297.76906,
350,		1272.88997,		1286.77319,		1298.26940,
351,		1274.16531,		1286.58746,		1297.88459,
352,		1273.86972,		1286.86780,		1298.28458,
353,		1274.57148,		1286.35860,		1298.02930,
354,		1274.50543,		1286.88839,		1298.09066,
355,		1273.32110,		1286.49236,		1297.89304,
356,		1272.12120,		1286.77914,		1297.76530,
357,		1274.02848,		1286.54244,		1298.28982,
358,		1273.71444,		1286.88746,		1297.75885,
359,		1272.91660,		1286.72979,		1298.37504,
360,		1273.67482,		1286.59923,		1297.85496,
361,		1274.46447,		1286.91097,		1298.20129,
362,		1272.87761,		1286.54156,		1298.09512,
363,		1273.40347,		1286.77579,		1297.81015,
364,		1274.34758,		1286.59133,		1298.83874,
365,		1274.35619,		1287.01211,		1298.66740,
366,		1273.52285,		1286.66110,		1297.86010,
367,		1274.62003,		1286.99917,		1297.89238,
368,		1274.95155,		1286.62738,		1298.12488,
369,		1273.49444,		1286.94797,		1298.38973,
370,		1272.91093,		1286.59373,		1298.19553,
371,		1273.76142,		1286.76867,		1297.25059,
372,		1274.28070,		1286.56056,		1298.11924,
373,		1273.40178,		1286.32737,		1297.78397,
374,		1275.03516,		1286.73808,		1297.86250,
375,		1274.24920,		1286.49326,		1297.89651,
376,		1273.64353,		1286.64425,		1298.02178,
377,		1274.18576,		1286.34698,		1297.87822,
378,		1273.80555,		1286.69770,		1297.90899,
379,		1273.69394,		1286.36586,		1298.08486,
380,		1273.50983,		1286.60763,		1298.00473,
381,		1273.07640,		1286.28472,		1297.38723,
382,		1272.58603,		1286.47752,		1297.54175,
383,		1273.24437,		1286.29779,		1298.19512,
384,		1274.31544,		1286.77505,		1298.53575,
385,		1273.67646,		1286.54342,		1298.61918,
386,		1273.06483,		1286.37270,		1297.89597,
387,		1274.24458,		1286.83958,		1298.07790,
388,		1272.72855,		1286.45069,		1297.32555,
389,		1274.08575,		1286.83891,		1298.77089,
390,		1273.81620,		1286.38304,		1297.76736,
391,		1274.02653,		1286.81305,		1298.24906,
392,		1273.04957,		1286.44166,		1298.55568,
393,		1273.48567,		1286.58141,		1298.42695,
394,		1273.71422,		1286.45295,		1297.54939,
395,		1273.28623,		1286.50599,		1298.15743,
396,		1273.44914,		1286.26656,		1297.56076,
397,		1274.19758,		1286.61241,		1297.87786,
398,		1273.50997,		1286.55031,		1297.63431,
399,		1272.96919,		1286.21873,		1297.93267,
