GEN,		MIN,			AVE,			MAX,
0,		3494.70,		3841.79,		3905.92,
1,		3514.88,		3842.59,		3905.92,
2,		3541.90,		3843.21,		3905.85,
3,		3527.69,		3841.21,		3905.85,
4,		3504.94,		3844.90,		3905.85,
5,		3535.07,		3848.18,		3905.76,
6,		3523.50,		3851.35,		3905.75,
7,		3486.57,		3850.97,		3905.86,
8,		3486.57,		3852.46,		3905.87,
9,		3486.57,		3853.18,		3905.84,
10,		3486.57,		3854.00,		3905.86,
11,		3486.57,		3854.14,		3905.86,
12,		3584.96,		3854.97,		3905.86,
13,		3521.09,		3852.11,		3905.85,
14,		3566.48,		3852.26,		3905.92,
15,		3591.52,		3856.62,		3905.81,
16,		3561.25,		3858.41,		3905.82,
17,		3586.12,		3858.09,		3905.81,
18,		3553.41,		3858.36,		3905.81,
19,		3538.61,		3856.85,		3905.92,
20,		3552.78,		3859.17,		3905.92,
21,		3552.78,		3860.91,		3905.92,
22,		3552.03,		3863.02,		3905.92,
23,		3535.65,		3866.61,		3905.92,
24,		3601.45,		3866.67,		3905.86,
25,		3601.45,		3864.67,		3905.87,
26,		3602.85,		3866.11,		3905.80,
27,		3545.49,		3865.98,		3905.81,
28,		3545.49,		3866.91,		3905.80,
29,		3546.25,		3864.33,		3905.92,
30,		3542.48,		3865.64,		3905.92,
31,		3540.19,		3866.53,		3905.92,
32,		3558.98,		3867.09,		3905.82,
33,		3621.05,		3872.46,		3905.81,
34,		3621.68,		3874.12,		3905.83,
35,		3629.07,		3874.69,		3905.85,
36,		3609.05,		3874.97,		3905.83,
37,		3611.12,		3876.03,		3905.83,
38,		3679.40,		3877.35,		3905.83,
39,		3667.27,		3878.10,		3905.91,
40,		3679.40,		3880.61,		3905.82,
41,		3660.35,		3878.69,		3905.84,
42,		3679.40,		3879.44,		3905.83,
43,		3680.09,		3881.50,		3905.83,
44,		3693.58,		3881.18,		3905.83,
45,		3530.74,		3879.25,		3905.83,
46,		3530.74,		3876.55,		3905.82,
47,		3530.74,		3875.54,		3905.92,
48,		3499.66,		3878.29,		3905.92,
49,		3684.09,		3879.42,		3905.82,
50,		3690.07,		3880.69,		3905.83,
51,		3668.07,		3880.65,		3905.86,
52,		3701.37,		3881.23,		3905.87,
53,		3701.37,		3880.84,		3905.78,
54,		3726.18,		3881.98,		3905.82,
55,		3726.18,		3881.47,		3905.78,
56,		3695.10,		3880.05,		3905.78,
57,		3688.58,		3880.26,		3905.85,
58,		3613.16,		3881.01,		3905.85,
59,		3613.16,		3881.21,		3905.81,
60,		3613.16,		3880.89,		3905.79,
61,		3613.50,		3883.52,		3905.79,
62,		3613.50,		3882.06,		3905.77,
63,		3569.42,		3884.60,		3905.79,
64,		3569.42,		3884.34,		3905.77,
65,		3569.42,		3885.97,		3905.84,
66,		3650.03,		3887.88,		3905.83,
67,		3649.08,		3887.63,		3905.83,
68,		3649.08,		3887.59,		3905.82,
69,		3683.09,		3890.99,		3905.82,
70,		3683.09,		3889.96,		3905.83,
71,		3683.09,		3889.68,		3905.83,
72,		3753.61,		3890.61,		3905.83,
73,		3677.81,		3889.63,		3905.83,
74,		3676.02,		3889.99,		3905.83,
75,		3676.02,		3889.14,		3905.83,
76,		3676.02,		3889.02,		3905.83,
77,		3624.09,		3886.74,		3905.61,
78,		3624.76,		3885.50,		3905.80,
79,		3624.76,		3882.30,		3905.66,
80,		3580.35,		3885.30,		3905.82,
81,		3669.91,		3886.21,		3905.83,
82,		3672.36,		3883.14,		3905.82,
83,		3669.39,		3883.40,		3905.92,
84,		3648.96,		3883.40,		3905.82,
85,		3626.93,		3880.88,		3905.82,
86,		3724.95,		3881.11,		3905.83,
87,		3732.96,		3881.84,		3905.84,
88,		3637.63,		3879.98,		3905.84,
89,		3577.14,		3881.61,		3905.73,
90,		3648.92,		3880.67,		3905.81,
91,		3586.64,		3881.60,		3905.80,
92,		3619.71,		3884.03,		3905.83,
93,		3681.73,		3884.22,		3905.83,
94,		3715.97,		3884.79,		3905.82,
95,		3724.42,		3885.84,		3905.79,
96,		3724.42,		3884.51,		3905.79,
97,		3723.61,		3885.05,		3905.78,
98,		3680.82,		3882.94,		3905.82,
99,		3689.15,		3883.56,		3905.83,
100,		3689.15,		3884.48,		3905.83,
101,		3670.43,		3882.43,		3905.83,
102,		3670.43,		3883.46,		3905.83,
103,		3670.43,		3882.87,		3905.83,
104,		3744.50,		3884.08,		3905.85,
105,		3729.25,		3882.18,		3905.91,
106,		3646.80,		3883.79,		3905.91,
107,		3569.17,		3882.75,		3905.79,
108,		3569.17,		3882.69,		3905.65,
109,		3569.17,		3881.54,		3905.78,
110,		3570.64,		3881.53,		3905.78,
111,		3601.48,		3883.67,		3905.78,
112,		3629.91,		3884.77,		3905.71,
113,		3629.91,		3884.19,		3905.73,
114,		3629.91,		3883.44,		3905.70,
115,		3629.91,		3885.79,		3905.64,
116,		3726.86,		3886.25,		3905.72,
117,		3634.36,		3887.46,		3905.72,
118,		3722.87,		3887.31,		3905.64,
119,		3721.26,		3888.51,		3905.69,
120,		3707.05,		3888.46,		3905.73,
121,		3693.57,		3888.89,		3905.67,
122,		3751.88,		3889.99,		3905.81,
123,		3732.96,		3888.89,		3905.81,
124,		3755.51,		3890.45,		3905.81,
125,		3757.02,		3890.56,		3905.80,
126,		3748.14,		3890.99,		3905.82,
127,		3693.58,		3889.54,		3905.82,
128,		3788.27,		3890.42,		3905.71,
129,		3705.76,		3891.31,		3905.84,
130,		3759.49,		3891.82,		3905.70,
131,		3720.43,		3891.10,		3905.80,
132,		3720.43,		3888.22,		3905.80,
133,		3720.43,		3888.02,		3905.69,
134,		3733.22,		3886.48,		3905.82,
135,		3699.37,		3886.97,		3905.74,
136,		3699.37,		3886.20,		3905.80,
137,		3680.26,		3888.30,		3905.80,
138,		3684.44,		3889.45,		3905.66,
139,		3742.65,		3889.52,		3905.61,
140,		3752.55,		3889.07,		3905.79,
141,		3767.14,		3890.36,		3905.72,
142,		3649.49,		3889.14,		3905.80,
143,		3716.88,		3889.00,		3905.80,
144,		3701.00,		3886.01,		3905.80,
145,		3701.00,		3888.42,		3905.80,
146,		3727.38,		3888.75,		3905.76,
147,		3689.00,		3888.62,		3905.83,
148,		3694.51,		3890.28,		3905.83,
149,		3727.38,		3889.16,		3905.63,
150,		3763.40,		3890.15,		3905.82,
151,		3753.38,		3889.12,		3905.73,
152,		3751.39,		3889.10,		3905.67,
153,		3751.23,		3889.81,		3905.65,
154,		3721.00,		3890.23,		3905.66,
155,		3738.03,		3887.70,		3905.66,
156,		3738.03,		3888.00,		3905.66,
157,		3717.84,		3887.97,		3905.84,
158,		3717.84,		3887.87,		3905.82,
159,		3717.84,		3887.97,		3905.82,
160,		3717.84,		3887.24,		3905.63,
161,		3617.48,		3888.24,		3905.82,
162,		3718.12,		3889.81,		3905.68,
163,		3718.12,		3889.00,		3905.87,
164,		3753.30,		3889.59,		3905.59,
165,		3777.28,		3892.34,		3905.82,
166,		3715.38,		3893.59,		3905.82,
167,		3796.95,		3893.39,		3905.81,
168,		3780.56,		3891.62,		3905.69,
169,		3734.46,		3892.51,		3905.81,
170,		3717.48,		3893.78,		3905.69,
171,		3801.32,		3893.25,		3905.77,
172,		3801.32,		3893.54,		3905.81,
173,		3794.05,		3893.36,		3905.59,
174,		3792.38,		3892.50,		3905.58,
175,		3808.31,		3893.08,		3905.84,
176,		3751.12,		3893.47,		3905.61,
177,		3795.27,		3894.85,		3905.72,
178,		3695.65,		3893.15,		3905.72,
179,		3803.13,		3894.46,		3905.72,
180,		3756.45,		3894.62,		3905.72,
181,		3758.38,		3894.25,		3905.79,
182,		3704.29,		3893.61,		3905.73,
183,		3739.07,		3893.15,		3905.73,
184,		3739.07,		3892.14,		3905.73,
185,		3739.58,		3891.77,		3905.57,
186,		3739.58,		3893.61,		3905.65,
187,		3757.90,		3893.34,		3905.60,
188,		3758.62,		3894.12,		3905.61,
189,		3758.62,		3893.63,		3905.82,
190,		3751.35,		3892.41,		3905.82,
191,		3753.30,		3892.73,		3905.66,
192,		3818.05,		3893.05,		3905.66,
193,		3801.12,		3892.29,		3905.52,
194,		3803.52,		3893.71,		3905.82,
195,		3800.71,		3893.32,		3905.67,
196,		3800.71,		3893.33,		3905.67,
197,		3800.71,		3893.97,		3905.56,
198,		3800.71,		3893.64,		3905.83,
199,		3706.86,		3893.59,		3905.52,
200,		3705.46,		3894.10,		3905.52,
201,		3705.46,		3893.89,		3905.79,
202,		3705.46,		3893.40,		3905.78,
203,		3817.13,		3894.05,		3905.78,
204,		3665.59,		3894.99,		3905.78,
205,		3665.59,		3895.70,		3905.74,
206,		3775.82,		3896.06,		3905.62,
207,		3806.69,		3896.54,		3905.50,
208,		3803.11,		3897.51,		3905.51,
209,		3803.11,		3897.40,		3905.58,
210,		3805.70,		3897.51,		3905.66,
211,		3830.46,		3897.54,		3905.59,
212,		3786.31,		3897.75,		3905.66,
213,		3800.99,		3896.81,		3905.66,
214,		3801.39,		3896.12,		3905.66,
215,		3775.40,		3894.70,		3905.70,
216,		3773.13,		3894.66,		3905.76,
217,		3773.13,		3895.03,		3905.77,
218,		3804.70,		3895.41,		3905.70,
219,		3803.04,		3895.04,		3905.73,
220,		3804.70,		3895.89,		3905.78,
221,		3761.57,		3895.22,		3905.76,
222,		3820.23,		3895.67,		3905.82,
223,		3810.27,		3895.93,		3905.81,
224,		3806.30,		3894.80,		3905.82,
225,		3806.30,		3893.62,		3905.66,
226,		3806.30,		3894.79,		3905.81,
227,		3803.98,		3895.28,		3905.66,
228,		3799.70,		3893.89,		3905.66,
229,		3799.70,		3893.81,		3905.49,
230,		3678.45,		3894.66,		3905.66,
231,		3755.48,		3894.93,		3905.66,
232,		3688.00,		3894.68,		3905.63,
233,		3783.53,		3893.97,		3905.75,
234,		3807.08,		3894.46,		3905.91,
235,		3810.94,		3895.85,		3905.67,
236,		3802.64,		3896.92,		3905.67,
237,		3774.58,		3896.20,		3905.66,
238,		3770.59,		3897.23,		3905.66,
239,		3822.39,		3897.17,		3905.66,
240,		3822.39,		3896.96,		3905.76,
241,		3817.67,		3896.63,		3905.82,
242,		3818.32,		3897.53,		3905.67,
243,		3818.40,		3896.91,		3905.65,
244,		3759.49,		3896.36,		3905.65,
245,		3779.93,		3895.26,		3905.66,
246,		3803.88,		3895.34,		3905.65,
247,		3780.49,		3894.09,		3905.66,
248,		3780.49,		3895.55,		3905.66,
249,		3681.46,		3894.08,		3905.66,
250,		3677.45,		3893.45,		3905.66,
251,		3753.89,		3894.82,		3905.66,
252,		3691.04,		3895.37,		3905.66,
253,		3743.62,		3896.31,		3905.67,
254,		3742.11,		3897.04,		3905.67,
255,		3742.11,		3896.34,		3905.66,
256,		3794.89,		3896.54,		3905.66,
257,		3803.49,		3897.16,		3905.67,
258,		3773.36,		3896.09,		3905.70,
259,		3774.72,		3895.47,		3905.66,
260,		3721.26,		3895.41,		3905.75,
261,		3758.87,		3894.26,		3905.75,
262,		3684.87,		3893.14,		3905.59,
263,		3704.74,		3894.41,		3905.61,
264,		3681.28,		3895.58,		3905.66,
265,		3725.28,		3895.35,		3905.65,
266,		3737.70,		3894.89,		3905.58,
267,		3779.74,		3895.53,		3905.58,
268,		3779.74,		3896.02,		3905.58,
269,		3763.34,		3896.67,		3905.61,
270,		3787.93,		3896.52,		3905.60,
271,		3787.93,		3897.25,		3905.58,
272,		3754.61,		3896.76,		3905.64,
273,		3792.92,		3896.93,		3905.67,
274,		3778.06,		3896.46,		3905.66,
275,		3799.23,		3895.94,		3905.67,
276,		3763.04,		3896.29,		3905.66,
277,		3756.57,		3896.64,		3905.67,
278,		3749.15,		3896.44,		3905.62,
279,		3772.78,		3896.55,		3905.62,
280,		3772.78,		3897.10,		3905.65,
281,		3769.28,		3896.72,		3905.66,
282,		3772.78,		3897.06,		3905.66,
283,		3772.78,		3896.08,		3905.66,
284,		3765.59,		3895.37,		3905.66,
285,		3803.52,		3895.62,		3905.68,
286,		3807.52,		3894.92,		3905.90,
287,		3807.52,		3895.58,		3905.90,
288,		3819.51,		3895.03,		3905.90,
289,		3793.56,		3894.38,		3905.90,
290,		3780.28,		3894.11,		3905.88,
291,		3766.28,		3893.98,		3905.88,
292,		3755.10,		3894.35,		3905.88,
293,		3755.10,		3893.15,		3905.88,
294,		3754.75,		3892.35,		3905.91,
295,		3774.84,		3892.70,		3905.91,
296,		3754.99,		3892.41,		3905.67,
297,		3754.99,		3892.62,		3905.64,
298,		3722.51,		3891.58,		3905.66,
299,		3726.24,		3892.91,		3905.66,
300,		3726.24,		3893.30,		3905.66,
301,		3726.24,		3894.32,		3905.66,
302,		3756.65,		3894.50,		3905.68,
303,		3780.55,		3894.76,		3905.66,
304,		3776.62,		3894.89,		3905.76,
305,		3780.55,		3895.66,		3905.76,
306,		3750.22,		3894.45,		3905.86,
307,		3750.22,		3894.64,		3905.80,
308,		3784.71,		3894.80,		3905.88,
309,		3751.24,		3894.01,		3905.88,
310,		3778.21,		3893.65,		3905.74,
311,		3786.29,		3894.06,		3905.87,
312,		3804.95,		3893.31,		3905.91,
313,		3805.57,		3893.94,		3905.90,
314,		3785.07,		3892.66,		3905.84,
315,		3785.07,		3892.16,		3905.66,
316,		3752.74,		3891.54,		3905.66,
317,		3744.21,		3891.71,		3905.67,
318,		3775.87,		3891.63,		3905.73,
319,		3791.04,		3891.04,		3905.81,
320,		3791.04,		3892.75,		3905.88,
321,		3791.04,		3893.27,		3905.88,
322,		3809.88,		3893.79,		3905.86,
323,		3809.88,		3893.43,		3905.81,
324,		3751.26,		3892.47,		3905.85,
325,		3809.88,		3893.42,		3905.79,
326,		3791.04,		3894.69,		3905.79,
327,		3755.84,		3893.70,		3905.79,
328,		3799.68,		3892.96,		3905.79,
329,		3756.33,		3893.05,		3905.67,
330,		3749.90,		3893.12,		3905.67,
331,		3752.06,		3892.56,		3905.67,
332,		3752.06,		3890.85,		3905.83,
333,		3696.15,		3890.81,		3905.91,
334,		3790.51,		3891.89,		3905.91,
335,		3817.47,		3892.14,		3905.91,
336,		3764.14,		3892.22,		3905.91,
337,		3690.05,		3891.55,		3905.91,
338,		3690.05,		3890.29,		3905.90,
339,		3690.05,		3891.99,		3905.90,
340,		3690.05,		3891.00,		3905.89,
341,		3728.80,		3889.92,		3905.88,
342,		3716.09,		3891.10,		3905.89,
343,		3762.66,		3891.10,		3905.90,
344,		3786.54,		3890.68,		3905.91,
345,		3786.54,		3890.62,		3905.91,
346,		3750.19,		3890.28,		3905.91,
347,		3807.21,		3890.53,		3905.70,
348,		3807.21,		3890.99,		3905.68,
349,		3801.97,		3893.55,		3905.71,
350,		3727.77,		3892.58,		3905.73,
351,		3764.28,		3891.94,		3905.73,
352,		3742.86,		3890.94,		3905.78,
353,		3696.86,		3890.79,		3905.72,
354,		3673.89,		3889.42,		3905.66,
355,		3679.88,		3889.34,		3905.80,
356,		3679.88,		3887.41,		3905.80,
357,		3749.14,		3888.97,		3905.81,
358,		3598.71,		3888.17,		3905.80,
359,		3741.28,		3889.43,		3905.79,
360,		3741.28,		3888.62,		3905.83,
361,		3737.29,		3889.03,		3905.65,
362,		3681.53,		3890.57,		3905.72,
363,		3681.53,		3890.82,		3905.66,
364,		3681.53,		3888.97,		3905.64,
365,		3683.68,		3890.08,		3905.70,
366,		3738.06,		3890.71,		3905.80,
367,		3683.41,		3889.68,		3905.79,
368,		3676.86,		3889.88,		3905.72,
369,		3686.79,		3891.20,		3905.80,
370,		3693.85,		3890.86,		3905.86,
371,		3712.42,		3890.17,		3905.64,
372,		3713.25,		3889.55,		3905.64,
373,		3752.06,		3889.09,		3905.80,
374,		3753.55,		3890.10,		3905.66,
375,		3599.85,		3890.03,		3905.67,
376,		3750.13,		3889.70,		3905.82,
377,		3750.13,		3889.69,		3905.82,
378,		3753.79,		3889.73,		3905.82,
379,		3743.71,		3890.83,		3905.82,
380,		3804.89,		3891.31,		3905.82,
381,		3804.30,		3890.61,		3905.82,
382,		3704.13,		3890.74,		3905.82,
383,		3767.34,		3892.53,		3905.82,
384,		3768.04,		3892.87,		3905.82,
385,		3734.49,		3891.81,		3905.91,
386,		3774.97,		3891.57,		3905.66,
387,		3774.81,		3891.73,		3905.64,
388,		3825.65,		3892.09,		3905.64,
389,		3722.21,		3891.36,		3905.64,
390,		3762.44,		3891.83,		3905.70,
391,		3762.44,		3892.92,		3905.79,
392,		3697.96,		3891.87,		3905.84,
393,		3689.01,		3891.33,		3905.84,
394,		3683.08,		3888.33,		3905.82,
395,		3682.79,		3888.57,		3905.79,
396,		3671.71,		3890.46,		3905.81,
397,		3671.71,		3888.69,		3905.86,
398,		3681.70,		3889.18,		3905.86,
399,		3670.79,		3886.57,		3905.86,
400,		3677.77,		3888.35,		3905.86,
401,		3681.70,		3888.26,		3905.82,
402,		3679.00,		3887.34,		3905.87,
403,		3682.30,		3888.75,		3905.91,
404,		3672.31,		3886.83,		3905.92,
405,		3672.31,		3887.46,		3905.92,
406,		3675.03,		3888.02,		3905.93,
407,		3675.03,		3886.55,		3905.93,
408,		3675.03,		3885.88,		3905.87,
409,		3796.58,		3887.98,		3905.91,
410,		3681.45,		3885.52,		3905.92,
411,		3793.43,		3886.72,		3905.88,
412,		3776.35,		3888.97,		3905.88,
413,		3790.97,		3889.00,		3905.88,
414,		3782.57,		3888.88,		3905.92,
415,		3730.58,		3889.06,		3905.92,
416,		3712.26,		3889.75,		3905.92,
417,		3727.92,		3891.03,		3905.91,
418,		3803.82,		3890.95,		3905.84,
419,		3808.34,		3890.83,		3905.58,
420,		3803.74,		3890.39,		3905.75,
421,		3801.92,		3891.22,		3905.82,
422,		3777.97,		3889.63,		3905.89,
423,		3777.07,		3889.67,		3905.89,
424,		3778.41,		3889.30,		3905.67,
425,		3750.12,		3888.22,		3905.65,
426,		3778.41,		3887.20,		3905.62,
427,		3779.09,		3887.03,		3905.62,
428,		3779.09,		3887.01,		3905.85,
429,		3791.46,		3886.69,		3905.74,
430,		3782.17,		3886.39,		3905.87,
431,		3790.05,		3887.30,		3905.87,
432,		3608.10,		3888.13,		3905.85,
433,		3786.38,		3888.16,		3905.92,
434,		3805.98,		3887.40,		3905.59,
435,		3808.69,		3887.68,		3905.74,
436,		3782.47,		3889.38,		3905.81,
437,		3752.38,		3887.86,		3905.62,
438,		3747.16,		3887.65,		3905.91,
439,		3747.67,		3888.73,		3905.67,
440,		3770.12,		3889.46,		3905.67,
441,		3762.68,		3889.80,		3905.66,
442,		3763.15,		3889.00,		3905.66,
443,		3775.95,		3888.27,		3905.66,
444,		3773.11,		3889.13,		3905.67,
445,		3772.88,		3889.51,		3905.69,
446,		3810.15,		3890.23,		3905.65,
447,		3799.62,		3891.39,		3905.65,
448,		3810.65,		3891.43,		3905.65,
449,		3810.65,		3891.59,		3905.65,
450,		3736.61,		3889.44,		3905.65,
451,		3736.35,		3890.68,		3905.66,
452,		3733.25,		3890.69,		3905.64,
453,		3777.40,		3891.30,		3905.71,
454,		3777.40,		3890.98,		3905.77,
455,		3805.53,		3891.84,		3905.62,
456,		3805.53,		3892.11,		3905.78,
457,		3792.04,		3890.93,		3905.66,
458,		3802.09,		3890.82,		3905.66,
459,		3802.09,		3891.09,		3905.66,
460,		3802.09,		3890.81,		3905.76,
461,		3773.86,		3890.59,		3905.66,
462,		3777.13,		3891.48,		3905.83,
463,		3802.24,		3891.00,		3905.66,
464,		3802.24,		3889.78,		3905.72,
465,		3802.53,		3891.44,		3905.77,
466,		3802.45,		3890.65,		3905.70,
467,		3814.25,		3891.04,		3905.72,
468,		3810.24,		3891.83,		3905.75,
469,		3800.99,		3892.59,		3905.75,
470,		3808.70,		3891.69,		3905.66,
471,		3808.70,		3891.78,		3905.59,
472,		3809.64,		3891.61,		3905.60,
473,		3814.60,		3891.81,		3905.60,
474,		3814.60,		3892.77,		3905.64,
475,		3808.00,		3892.80,		3905.82,
476,		3807.61,		3892.50,		3905.82,
477,		3801.28,		3892.16,		3905.82,
478,		3804.42,		3891.69,		3905.82,
479,		3812.64,		3891.91,		3905.80,
480,		3813.05,		3892.13,		3905.79,
481,		3813.05,		3891.35,		3905.78,
482,		3786.81,		3891.47,		3905.78,
483,		3815.33,		3892.21,		3905.76,
484,		3810.97,		3892.69,		3905.83,
485,		3824.24,		3892.88,		3905.81,
486,		3824.60,		3893.16,		3905.75,
487,		3816.83,		3893.50,		3905.73,
488,		3809.96,		3892.75,		3905.61,
489,		3817.96,		3893.30,		3905.66,
490,		3817.59,		3893.33,		3905.68,
491,		3817.59,		3893.82,		3905.83,
492,		3809.48,		3893.43,		3905.65,
493,		3789.26,		3892.00,		3905.64,
494,		3712.72,		3892.79,		3905.59,
495,		3802.49,		3892.66,		3905.59,
496,		3806.60,		3892.67,		3905.70,
497,		3806.60,		3893.30,		3905.60,
498,		3766.84,		3893.18,		3905.81,
499,		3803.47,		3892.99,		3905.72,
500,		3807.39,		3893.39,		3905.73,
501,		3807.39,		3893.09,		3905.69,
502,		3809.93,		3892.86,		3905.69,
503,		3711.74,		3893.27,		3905.71,
504,		3716.14,		3892.66,		3905.82,
505,		3712.26,		3892.11,		3905.67,
506,		3810.94,		3893.39,		3905.77,
507,		3809.13,		3893.26,		3905.77,
508,		3806.15,		3891.62,		3905.66,
509,		3802.76,		3891.50,		3905.64,
510,		3802.76,		3890.89,		3905.64,
511,		3791.24,		3891.73,		3905.49,
512,		3801.29,		3891.25,		3905.80,
513,		3801.28,		3891.55,		3905.80,
514,		3805.86,		3892.08,		3905.80,
515,		3813.81,		3892.10,		3905.80,
516,		3815.80,		3891.30,		3905.59,
517,		3820.05,		3892.45,		3905.59,
518,		3804.34,		3892.82,		3905.59,
519,		3804.34,		3892.80,		3905.80,
520,		3816.62,		3893.78,		3905.80,
521,		3814.57,		3893.71,		3905.80,
522,		3819.45,		3894.62,		3905.80,
523,		3808.54,		3894.31,		3905.77,
524,		3808.54,		3894.28,		3905.81,
525,		3807.76,		3893.41,		3905.63,
526,		3807.76,		3894.08,		3905.67,
527,		3700.21,		3894.28,		3905.62,
528,		3809.45,		3894.86,		3905.68,
529,		3809.28,		3895.29,		3905.59,
530,		3815.52,		3895.79,		3905.50,
531,		3862.64,		3896.14,		3905.40,
532,		3774.78,		3896.36,		3905.37,
533,		3774.78,		3896.05,		3905.44,
534,		3774.78,		3895.84,		3905.46,
535,		3828.65,		3895.89,		3905.50,
536,		3782.33,		3895.06,		3905.50,
537,		3812.03,		3895.31,		3905.50,
538,		3806.84,		3894.03,		3905.50,
539,		3814.58,		3894.00,		3905.50,
540,		3814.34,		3893.87,		3905.49,
541,		3814.73,		3894.51,		3905.49,
542,		3808.34,		3894.36,		3905.66,
543,		3808.34,		3893.70,		3905.42,
544,		3806.16,		3893.60,		3905.65,
545,		3804.96,		3893.70,		3905.43,
546,		3800.71,		3892.98,		3905.43,
547,		3800.57,		3893.56,		3905.64,
548,		3800.57,		3893.43,		3905.64,
549,		3802.11,		3893.65,		3905.53,
550,		3804.70,		3893.82,		3905.63,
551,		3801.99,		3892.37,		3905.58,
552,		3796.74,		3890.58,		3905.58,
553,		3794.62,		3892.11,		3905.58,
554,		3802.95,		3892.27,		3905.58,
555,		3801.18,		3892.35,		3905.47,
556,		3801.18,		3891.84,		3905.67,
557,		3801.54,		3892.75,		3905.64,
558,		3768.26,		3893.06,		3905.71,
559,		3802.28,		3892.97,		3905.67,
560,		3787.55,		3893.44,		3905.49,
561,		3787.55,		3893.85,		3905.69,
562,		3802.11,		3894.31,		3905.69,
563,		3802.11,		3894.02,		3905.74,
564,		3804.98,		3894.59,		3905.64,
565,		3804.83,		3895.04,		3905.83,
566,		3842.94,		3894.67,		3905.52,
567,		3815.66,		3895.33,		3905.46,
568,		3815.52,		3895.73,		3905.52,
569,		3815.33,		3895.21,		3905.57,
570,		3815.52,		3894.94,		3905.28,
571,		3851.16,		3895.41,		3905.28,
572,		3851.01,		3895.32,		3905.53,
573,		3852.33,		3894.93,		3905.53,
574,		3848.33,		3894.59,		3905.31,
575,		3848.33,		3894.51,		3905.43,
576,		3812.35,		3894.83,		3905.43,
577,		3848.33,		3895.22,		3905.67,
578,		3840.49,		3894.16,		3905.49,
579,		3807.90,		3893.12,		3905.49,
580,		3807.90,		3893.63,		3905.38,
581,		3771.56,		3894.28,		3905.67,
582,		3771.56,		3894.36,		3905.67,
583,		3854.98,		3895.40,		3905.67,
584,		3854.98,		3895.70,		3905.59,
585,		3864.10,		3895.88,		3905.58,
586,		3842.21,		3896.07,		3905.65,
587,		3845.72,		3896.03,		3905.65,
588,		3845.57,		3896.23,		3905.60,
589,		3845.57,		3896.76,		3905.59,
590,		3848.01,		3896.98,		3905.66,
591,		3848.01,		3897.19,		3905.66,
592,		3848.46,		3897.76,		3905.41,
593,		3816.84,		3897.01,		3905.39,
594,		3846.52,		3896.86,		3905.61,
595,		3846.74,		3897.06,		3905.64,
596,		3846.74,		3896.80,		3905.64,
597,		3846.58,		3895.71,		3905.65,
598,		3846.56,		3896.08,		3905.64,
599,		3846.56,		3895.73,		3905.66,
600,		3803.16,		3895.12,		3905.66,
601,		3827.85,		3895.81,		3905.66,
602,		3827.85,		3895.89,		3905.66,
603,		3843.53,		3895.50,		3905.66,
604,		3843.53,		3895.26,		3905.64,
605,		3845.20,		3895.95,		3905.64,
606,		3848.00,		3895.93,		3905.58,
607,		3848.00,		3895.76,		3905.60,
608,		3850.46,		3895.80,		3905.61,
609,		3850.46,		3896.64,		3905.61,
610,		3850.46,		3897.40,		3905.61,
611,		3804.83,		3897.17,		3905.66,
612,		3851.55,		3897.45,		3905.66,
613,		3847.47,		3897.68,		3905.66,
614,		3847.47,		3897.62,		3905.63,
615,		3847.26,		3897.52,		3905.66,
616,		3856.30,		3897.75,		3905.66,
617,		3856.68,		3897.57,		3905.66,
618,		3856.38,		3897.27,		3905.66,
619,		3849.45,		3897.97,		3905.66,
620,		3851.30,		3897.72,		3905.67,
621,		3851.07,		3898.53,		3905.60,
622,		3808.73,		3898.03,		3905.61,
623,		3808.53,		3897.91,		3905.67,
624,		3808.53,		3898.44,		3905.67,
625,		3807.74,		3897.95,		3905.67,
626,		3807.74,		3897.59,		3905.59,
627,		3814.45,		3898.05,		3905.65,
628,		3831.91,		3898.01,		3905.59,
629,		3819.36,		3897.62,		3905.59,
630,		3819.36,		3897.69,		3905.60,
631,		3831.23,		3897.29,		3905.65,
632,		3842.45,		3897.72,		3905.66,
633,		3825.68,		3897.05,		3905.67,
634,		3831.12,		3897.04,		3905.88,
635,		3831.88,		3896.61,		3905.88,
636,		3831.88,		3896.30,		3905.67,
637,		3804.24,		3896.15,		3905.60,
638,		3803.75,		3895.99,		3905.67,
639,		3803.75,		3896.28,		3905.67,
640,		3805.15,		3896.96,		3905.67,
641,		3820.91,		3896.82,		3905.75,
642,		3820.54,		3896.83,		3905.67,
643,		3820.54,		3896.87,		3905.67,
644,		3805.57,		3896.88,		3905.67,
645,		3805.57,		3896.64,		3905.66,
646,		3805.57,		3895.68,		3905.66,
647,		3805.37,		3894.36,		3905.77,
648,		3805.02,		3895.73,		3905.66,
649,		3805.02,		3894.49,		3905.66,
650,		3805.02,		3894.33,		3905.65,
651,		3801.80,		3893.57,		3905.65,
652,		3801.80,		3894.26,		3905.60,
653,		3801.80,		3893.81,		3905.59,
654,		3789.67,		3893.48,		3905.60,
655,		3818.82,		3894.61,		3905.60,
656,		3840.19,		3895.78,		3905.59,
657,		3840.15,		3896.92,		3905.64,
658,		3836.55,		3897.59,		3905.78,
659,		3818.96,		3897.56,		3905.64,
660,		3819.87,		3898.00,		3905.60,
661,		3819.87,		3897.25,		3905.60,
662,		3818.70,		3897.20,		3905.66,
663,		3835.62,		3897.80,		3905.67,
664,		3837.12,		3898.26,		3905.63,
665,		3811.44,		3897.49,		3905.63,
666,		3811.44,		3897.30,		3905.63,
667,		3834.79,		3897.22,		3905.65,
668,		3830.17,		3897.49,		3905.63,
669,		3816.30,		3897.45,		3905.59,
670,		3817.43,		3896.97,		3905.64,
671,		3817.43,		3896.81,		3905.64,
672,		3822.72,		3897.68,		3905.64,
673,		3822.72,		3896.24,		3905.64,
674,		3823.25,		3897.07,		3905.67,
675,		3823.43,		3896.99,		3905.64,
676,		3777.38,		3896.73,		3905.67,
677,		3822.71,		3896.57,		3905.64,
678,		3771.15,		3896.59,		3905.66,
679,		3810.12,		3896.52,		3905.66,
680,		3819.67,		3897.33,		3905.66,
681,		3819.67,		3897.57,		3905.66,
682,		3819.67,		3897.71,		3905.66,
683,		3803.48,		3896.88,		3905.66,
684,		3825.83,		3897.81,		3905.66,
685,		3827.62,		3897.99,		3905.67,
686,		3827.62,		3898.78,		3905.67,
687,		3833.54,		3898.86,		3905.67,
688,		3835.85,		3898.96,		3905.67,
689,		3771.34,		3899.02,		3905.66,
690,		3848.42,		3899.33,		3905.65,
691,		3847.94,		3899.32,		3905.63,
692,		3791.56,		3899.68,		3905.63,
693,		3837.13,		3899.92,		3905.60,
694,		3852.26,		3899.72,		3905.66,
695,		3852.26,		3900.16,		3905.66,
696,		3861.13,		3900.52,		3905.66,
697,		3858.67,		3900.66,		3905.66,
698,		3829.64,		3900.46,		3905.66,
699,		3829.64,		3900.31,		3905.64,
700,		3826.23,		3900.14,		3905.62,
701,		3826.23,		3900.50,		3905.62,
702,		3817.80,		3899.90,		3905.67,
703,		3817.80,		3899.88,		3905.67,
704,		3819.09,		3899.88,		3905.67,
705,		3827.82,		3899.21,		3905.64,
706,		3827.82,		3899.51,		3905.64,
707,		3833.79,		3900.24,		3905.67,
708,		3827.97,		3900.40,		3905.67,
709,		3814.66,		3900.38,		3905.67,
710,		3814.66,		3900.22,		3905.67,
711,		3814.85,		3899.83,		3905.67,
712,		3828.35,		3899.53,		3905.67,
713,		3850.03,		3900.31,		3905.62,
714,		3832.38,		3900.50,		3905.66,
715,		3840.80,		3900.38,		3905.65,
716,		3840.63,		3900.02,		3905.63,
717,		3845.02,		3899.72,		3905.58,
718,		3825.65,		3900.77,		3905.59,
719,		3839.05,		3900.39,		3905.63,
720,		3824.01,		3900.05,		3905.62,
721,		3824.18,		3899.30,		3905.59,
722,		3824.18,		3899.03,		3905.60,
723,		3824.18,		3899.72,		3905.61,
724,		3823.00,		3900.31,		3905.63,
725,		3821.29,		3899.90,		3905.63,
726,		3821.29,		3899.76,		3905.59,
727,		3821.29,		3899.87,		3905.87,
728,		3835.92,		3900.31,		3905.63,
729,		3835.92,		3900.03,		3905.65,
730,		3808.71,		3900.33,		3905.67,
731,		3808.71,		3899.81,		3905.67,
732,		3828.14,		3898.73,		3905.64,
733,		3831.52,		3899.94,		3905.66,
734,		3840.02,		3899.74,		3905.59,
735,		3787.54,		3899.57,		3905.59,
736,		3787.54,		3898.98,		3905.58,
737,		3787.54,		3898.74,		3905.58,
738,		3796.09,		3899.93,		3905.64,
739,		3796.09,		3900.04,		3905.63,
740,		3796.09,		3900.90,		3905.67,
741,		3796.09,		3900.78,		3905.84,
742,		3802.44,		3900.09,		3905.67,
743,		3844.60,		3900.22,		3905.67,
744,		3844.60,		3900.33,		3905.59,
745,		3827.15,		3900.06,		3905.59,
746,		3844.70,		3899.77,		3905.54,
747,		3843.98,		3899.93,		3905.60,
748,		3861.24,		3901.12,		3905.60,
749,		3830.27,		3900.81,		3905.60,
750,		3860.86,		3900.65,		3905.66,
751,		3859.49,		3900.76,		3905.67,
752,		3853.27,		3900.30,		3905.59,
753,		3850.08,		3899.75,		3905.60,
754,		3843.71,		3899.82,		3905.67,
755,		3815.47,		3899.77,		3905.67,
756,		3824.10,		3899.82,		3905.59,
757,		3824.10,		3899.57,		3905.63,
758,		3824.10,		3900.43,		3905.66,
759,		3814.45,		3900.29,		3905.63,
760,		3814.45,		3900.04,		3905.60,
761,		3823.92,		3900.72,		3905.63,
762,		3823.57,		3900.12,		3905.66,
763,		3820.70,		3899.98,		3905.63,
764,		3820.70,		3900.22,		3905.66,
765,		3820.70,		3900.20,		3905.66,
766,		3812.25,		3899.64,		3905.66,
767,		3822.53,		3899.88,		3905.66,
768,		3822.70,		3900.19,		3905.66,
769,		3816.71,		3900.29,		3905.66,
770,		3806.28,		3900.16,		3905.67,
771,		3823.62,		3901.07,		3905.66,
772,		3838.64,		3901.05,		3905.64,
773,		3853.09,		3901.28,		3905.63,
774,		3838.25,		3901.04,		3905.67,
775,		3838.25,		3900.75,		3905.67,
776,		3817.98,		3900.48,		3905.67,
777,		3805.89,		3900.21,		3905.67,
778,		3817.43,		3900.41,		3905.67,
779,		3817.43,		3899.75,		3905.67,
780,		3817.43,		3899.64,		3905.66,
781,		3817.98,		3899.12,		3905.66,
782,		3804.69,		3898.43,		3905.67,
783,		3735.98,		3898.39,		3905.61,
784,		3719.34,		3897.75,		3905.67,
785,		3728.95,		3898.54,		3905.67,
786,		3728.42,		3898.68,		3905.67,
787,		3733.13,		3897.69,		3905.67,
788,		3694.64,		3897.11,		3905.59,
789,		3732.09,		3897.96,		3905.59,
790,		3732.09,		3898.06,		3905.67,
791,		3740.08,		3897.71,		3905.64,
792,		3682.80,		3896.92,		3905.64,
793,		3727.63,		3896.60,		3905.67,
794,		3607.84,		3895.90,		3905.64,
795,		3682.50,		3893.76,		3905.67,
796,		3668.02,		3894.87,		3905.67,
797,		3727.63,		3894.94,		3905.67,
798,		3722.03,		3895.30,		3905.67,
799,		3722.03,		3894.82,		3905.63,
800,		3710.58,		3895.45,		3905.63,
801,		3791.48,		3895.31,		3905.63,
802,		3686.95,		3895.49,		3905.64,
803,		3686.95,		3894.67,		3905.64,
804,		3610.82,		3896.43,		3905.66,
805,		3782.43,		3897.51,		3905.68,
806,		3727.89,		3897.98,		3905.68,
807,		3756.88,		3898.16,		3905.64,
808,		3756.88,		3897.94,		3905.68,
809,		3756.88,		3899.38,		3905.66,
810,		3830.65,		3898.62,		3905.64,
811,		3827.95,		3898.86,		3905.54,
812,		3827.95,		3899.20,		3905.64,
813,		3827.78,		3898.63,		3905.65,
814,		3844.37,		3898.22,		3905.63,
815,		3823.21,		3898.44,		3905.63,
816,		3792.28,		3898.38,		3905.63,
817,		3735.98,		3898.50,		3905.60,
818,		3829.81,		3898.94,		3905.65,
819,		3827.38,		3898.82,		3905.62,
820,		3798.80,		3898.66,		3905.68,
821,		3851.78,		3898.87,		3905.68,
822,		3799.63,		3898.60,		3905.68,
823,		3794.41,		3898.53,		3905.67,
824,		3789.07,		3898.05,		3905.64,
825,		3789.07,		3897.85,		3905.64,
826,		3855.86,		3897.73,		3905.64,
827,		3853.92,		3898.30,		3905.64,
828,		3853.92,		3898.36,		3905.57,
829,		3854.06,		3898.82,		3905.61,
830,		3810.87,		3898.56,		3905.66,
831,		3773.67,		3897.81,		3905.66,
832,		3769.10,		3897.52,		3905.66,
833,		3810.68,		3897.78,		3905.66,
834,		3755.46,		3897.65,		3905.61,
835,		3755.46,		3897.00,		3905.59,
836,		3755.46,		3897.48,		3905.56,
837,		3755.46,		3897.53,		3905.63,
838,		3755.46,		3897.61,		3905.63,
839,		3831.46,		3898.16,		3905.63,
840,		3852.79,		3898.39,		3905.63,
841,		3707.29,		3897.97,		3905.63,
842,		3707.29,		3897.82,		3905.64,
843,		3707.29,		3898.16,		3905.60,
844,		3707.57,		3897.92,		3905.60,
845,		3852.11,		3898.85,		3905.58,
846,		3850.38,		3898.72,		3905.66,
847,		3714.09,		3898.98,		3905.65,
848,		3713.81,		3897.49,		3905.65,
849,		3713.81,		3898.05,		3905.65,
850,		3823.75,		3899.35,		3905.60,
851,		3810.28,		3899.40,		3905.60,
852,		3801.89,		3898.94,		3905.60,
853,		3801.89,		3898.60,		3905.63,
854,		3801.89,		3898.86,		3905.64,
855,		3807.52,		3899.44,		3905.62,
856,		3832.51,		3899.67,		3905.63,
857,		3803.07,		3899.15,		3905.63,
858,		3763.29,		3898.63,		3905.64,
859,		3785.67,		3898.38,		3905.64,
860,		3718.01,		3896.90,		3905.64,
861,		3716.92,		3896.73,		3905.66,
862,		3781.74,		3897.96,		3905.66,
863,		3766.79,		3898.69,		3905.67,
864,		3833.90,		3899.23,		3905.67,
865,		3833.90,		3898.63,		3905.68,
866,		3809.20,		3898.50,		3905.68,
867,		3809.20,		3899.29,		3905.66,
868,		3803.13,		3899.06,		3905.65,
869,		3830.17,		3898.83,		3905.67,
870,		3806.29,		3898.50,		3905.68,
871,		3812.09,		3897.62,		3905.67,
872,		3810.41,		3896.98,		3905.67,
873,		3798.69,		3896.91,		3905.63,
874,		3798.69,		3896.08,		3905.68,
875,		3798.48,		3896.79,		3905.68,
876,		3797.04,		3897.31,		3905.63,
877,		3797.04,		3896.44,		3905.63,
878,		3775.12,		3895.39,		3905.60,
879,		3775.12,		3895.29,		3905.69,
880,		3775.12,		3893.80,		3905.69,
881,		3768.08,		3893.14,		3905.65,
882,		3768.08,		3891.88,		3905.63,
883,		3771.77,		3893.30,		3905.63,
884,		3771.77,		3892.90,		3905.63,
885,		3796.85,		3892.78,		3905.64,
886,		3822.84,		3893.32,		3905.63,
887,		3818.60,		3892.53,		3905.66,
888,		3802.12,		3891.10,		3905.66,
889,		3778.99,		3889.68,		3905.66,
890,		3778.99,		3889.81,		3905.66,
891,		3753.31,		3888.97,		3905.66,
892,		3666.75,		3888.38,		3905.65,
893,		3666.75,		3887.75,		3905.66,
894,		3782.87,		3887.95,		3905.66,
895,		3754.28,		3887.90,		3905.65,
896,		3754.28,		3886.40,		3905.65,
897,		3771.84,		3887.11,		3905.66,
898,		3769.89,		3886.50,		3905.66,
899,		3782.87,		3887.50,		3905.66,
900,		3769.43,		3888.70,		3905.66,
901,		3764.94,		3887.96,		3905.63,
902,		3706.45,		3889.11,		3905.64,
903,		3718.52,		3889.07,		3905.62,
904,		3769.20,		3889.63,		3905.69,
905,		3769.20,		3887.51,		3905.62,
906,		3769.43,		3887.79,		3905.62,
907,		3755.60,		3887.51,		3905.57,
908,		3582.84,		3887.43,		3905.56,
909,		3760.40,		3887.82,		3905.56,
910,		3770.25,		3888.54,		3905.81,
911,		3750.99,		3888.67,		3905.82,
912,		3762.69,		3888.24,		3905.82,
913,		3766.49,		3887.88,		3905.82,
914,		3782.49,		3890.38,		3905.61,
915,		3769.20,		3889.69,		3905.61,
916,		3769.20,		3888.93,		3905.60,
917,		3768.96,		3889.33,		3905.59,
918,		3636.87,		3886.60,		3905.60,
919,		3636.87,		3887.46,		3905.57,
920,		3636.87,		3885.02,		3905.57,
921,		3636.87,		3884.84,		3905.60,
922,		3636.87,		3884.25,		3905.51,
923,		3647.21,		3885.70,		3905.65,
924,		3680.46,		3884.78,		3905.58,
925,		3667.88,		3884.00,		3905.58,
926,		3680.69,		3884.75,		3905.59,
927,		3680.46,		3883.86,		3905.53,
928,		3675.96,		3883.21,		3905.51,
929,		3720.98,		3884.71,		3905.56,
930,		3719.67,		3883.44,		3905.56,
931,		3720.71,		3884.79,		3905.56,
932,		3583.90,		3882.97,		3905.56,
933,		3709.84,		3884.09,		3905.50,
934,		3718.25,		3883.66,		3905.51,
935,		3494.49,		3882.03,		3905.50,
936,		3721.52,		3882.26,		3905.53,
937,		3713.37,		3884.10,		3905.54,
938,		3713.37,		3887.10,		3905.53,
939,		3694.51,		3885.00,		3905.53,
940,		3586.75,		3882.90,		3905.47,
941,		3586.75,		3881.93,		3904.95,
942,		3586.75,		3883.40,		3904.75,
943,		3714.00,		3885.70,		3904.96,
944,		3735.58,		3887.24,		3905.53,
945,		3718.64,		3888.15,		3904.98,
946,		3683.69,		3886.68,		3905.51,
947,		3720.69,		3888.09,		3905.46,
948,		3692.47,		3890.22,		3905.46,
949,		3692.18,		3890.57,		3904.83,
950,		3673.22,		3888.68,		3905.21,
951,		3715.32,		3889.15,		3905.50,
952,		3712.82,		3890.15,		3905.19,
953,		3713.37,		3890.61,		3905.51,
954,		3713.09,		3889.25,		3905.57,
955,		3606.85,		3888.54,		3905.57,
956,		3561.68,		3888.38,		3905.57,
957,		3611.33,		3890.40,		3905.51,
958,		3611.33,		3888.98,		3905.44,
959,		3605.51,		3888.68,		3905.44,
960,		3611.68,		3887.12,		3905.56,
961,		3670.50,		3888.90,		3905.61,
962,		3727.21,		3888.85,		3905.55,
963,		3727.74,		3888.98,		3905.60,
964,		3621.01,		3889.73,		3905.60,
965,		3783.61,		3891.58,		3905.60,
966,		3784.95,		3890.97,		3905.60,
967,		3727.74,		3889.57,		3905.60,
968,		3727.21,		3886.96,		3905.59,
969,		3726.95,		3886.55,		3905.60,
970,		3738.06,		3887.66,		3905.60,
971,		3685.18,		3888.63,		3905.61,
972,		3501.75,		3887.13,		3905.63,
973,		3501.75,		3886.30,		3905.63,
974,		3501.75,		3887.08,		3905.62,
975,		3501.75,		3885.01,		3905.62,
976,		3581.75,		3885.98,		3905.62,
977,		3708.13,		3886.76,		3905.54,
978,		3742.39,		3888.39,		3905.54,
979,		3680.76,		3889.74,		3905.54,
980,		3733.14,		3890.40,		3905.63,
981,		3748.45,		3891.20,		3905.64,
982,		3748.70,		3892.50,		3905.73,
983,		3746.74,		3891.53,		3905.64,
984,		3741.36,		3891.39,		3905.67,
985,		3655.55,		3889.98,		3905.68,
986,		3703.91,		3889.48,		3905.67,
987,		3675.04,		3889.79,		3905.59,
988,		3684.89,		3889.95,		3905.59,
989,		3684.89,		3890.63,		3905.59,
990,		3541.87,		3891.20,		3905.55,
991,		3772.17,		3893.12,		3905.86,
992,		3773.41,		3894.07,		3905.56,
993,		3773.64,		3893.36,		3905.63,
994,		3773.18,		3892.49,		3905.63,
995,		3770.35,		3893.46,		3905.56,
996,		3770.35,		3893.76,		3905.56,
997,		3734.29,		3894.02,		3905.58,
998,		3718.91,		3892.72,		3905.56,
999,		3556.43,		3892.70,		3905.63,
