GEN,		MIN,			AVE,			MAX,
0,		3511.30,		3847.75,		3905.86,
1,		3525.26,		3848.95,		3905.86,
2,		3529.74,		3850.05,		3905.86,
3,		3529.36,		3851.61,		3905.85,
4,		3537.98,		3852.36,		3905.86,
5,		3539.05,		3853.18,		3905.86,
6,		3537.12,		3853.67,		3905.86,
7,		3546.51,		3854.85,		3905.86,
8,		3551.80,		3856.22,		3905.87,
9,		3548.57,		3857.00,		3905.85,
10,		3554.52,		3857.12,		3905.84,
11,		3555.34,		3857.85,		3905.87,
12,		3554.66,		3858.06,		3905.85,
13,		3557.85,		3859.80,		3905.85,
14,		3561.79,		3860.50,		3905.86,
15,		3563.62,		3860.88,		3905.85,
16,		3564.71,		3861.70,		3905.85,
17,		3557.15,		3861.96,		3905.86,
18,		3548.54,		3862.20,		3905.87,
19,		3558.78,		3863.29,		3905.85,
20,		3558.42,		3863.71,		3905.85,
21,		3558.73,		3864.57,		3905.85,
22,		3569.21,		3864.91,		3905.84,
23,		3568.39,		3864.94,		3905.84,
24,		3573.58,		3865.94,		3905.85,
25,		3563.25,		3866.05,		3905.85,
26,		3572.27,		3866.38,		3905.84,
27,		3580.11,		3867.62,		3905.84,
28,		3576.69,		3867.84,		3905.84,
29,		3571.93,		3868.02,		3905.85,
30,		3577.04,		3868.08,		3905.85,
31,		3576.21,		3868.20,		3905.84,
32,		3578.98,		3868.70,		3905.85,
33,		3575.66,		3869.18,		3905.82,
34,		3570.65,		3869.86,		3905.82,
35,		3585.44,		3869.92,		3905.83,
36,		3589.77,		3869.04,		3905.84,
37,		3592.75,		3869.94,		3905.83,
38,		3591.74,		3870.92,		3905.83,
39,		3593.33,		3870.94,		3905.84,
40,		3597.78,		3871.15,		3905.82,
41,		3592.30,		3871.22,		3905.80,
42,		3603.63,		3871.14,		3905.83,
43,		3590.90,		3871.34,		3905.83,
44,		3592.23,		3870.64,		3905.82,
45,		3585.32,		3870.73,		3905.83,
46,		3576.68,		3871.08,		3905.82,
47,		3584.32,		3871.20,		3905.79,
48,		3591.34,		3871.59,		3905.79,
49,		3593.88,		3871.72,		3905.81,
50,		3592.53,		3872.11,		3905.81,
51,		3597.31,		3872.13,		3905.83,
52,		3596.05,		3871.80,		3905.80,
53,		3601.30,		3872.01,		3905.80,
54,		3605.62,		3872.45,		3905.78,
55,		3601.00,		3872.68,		3905.80,
56,		3611.42,		3873.34,		3905.81,
57,		3613.13,		3873.69,		3905.82,
58,		3612.62,		3874.10,		3905.83,
59,		3606.22,		3874.34,		3905.80,
60,		3612.71,		3874.39,		3905.79,
61,		3627.83,		3874.70,		3905.80,
62,		3620.71,		3875.29,		3905.80,
63,		3607.41,		3875.33,		3905.78,
64,		3618.45,		3875.64,		3905.77,
65,		3602.99,		3875.21,		3905.79,
66,		3609.48,		3875.64,		3905.78,
67,		3611.67,		3875.20,		3905.79,
68,		3614.86,		3875.05,		3905.80,
69,		3602.51,		3874.92,		3905.77,
70,		3611.60,		3875.44,		3905.79,
71,		3631.90,		3875.63,		3905.80,
72,		3639.42,		3875.74,		3905.80,
73,		3622.91,		3875.95,		3905.81,
74,		3620.34,		3876.29,		3905.80,
75,		3616.73,		3877.11,		3905.82,
76,		3636.69,		3877.64,		3905.81,
77,		3637.34,		3877.77,		3905.81,
78,		3628.50,		3878.08,		3905.81,
79,		3624.53,		3878.14,		3905.80,
80,		3638.59,		3878.20,		3905.80,
81,		3654.46,		3878.38,		3905.80,
82,		3640.20,		3878.41,		3905.81,
83,		3643.14,		3878.46,		3905.77,
84,		3640.81,		3878.84,		3905.78,
85,		3641.39,		3878.66,		3905.81,
86,		3627.03,		3878.68,		3905.79,
87,		3640.55,		3878.77,		3905.83,
88,		3632.38,		3879.07,		3905.79,
89,		3639.84,		3879.23,		3905.80,
90,		3631.75,		3879.06,		3905.78,
91,		3638.11,		3879.49,		3905.79,
92,		3643.02,		3879.76,		3905.80,
93,		3639.16,		3880.08,		3905.79,
94,		3639.35,		3880.16,		3905.77,
95,		3627.85,		3880.18,		3905.77,
96,		3631.58,		3880.09,		3905.78,
97,		3629.50,		3880.53,		3905.80,
98,		3628.77,		3880.76,		3905.80,
99,		3644.54,		3881.15,		3905.79,
100,		3647.75,		3881.48,		3905.78,
101,		3642.99,		3881.48,		3905.79,
102,		3634.90,		3881.33,		3905.79,
103,		3648.30,		3880.84,		3905.79,
104,		3662.31,		3881.08,		3905.77,
105,		3656.88,		3881.53,		3905.79,
106,		3672.64,		3881.85,		3905.80,
107,		3664.31,		3881.91,		3905.78,
108,		3666.49,		3881.91,		3905.80,
109,		3666.36,		3881.40,		3905.80,
110,		3656.93,		3881.86,		3905.78,
111,		3656.00,		3881.99,		3905.78,
112,		3654.97,		3882.09,		3905.78,
113,		3648.63,		3881.99,		3905.76,
114,		3657.69,		3881.87,		3905.79,
115,		3669.44,		3881.83,		3905.76,
116,		3670.89,		3881.88,		3905.79,
117,		3675.99,		3881.80,		3905.79,
118,		3671.97,		3882.65,		3905.79,
119,		3668.12,		3882.97,		3905.79,
120,		3678.33,		3882.78,		3905.81,
121,		3679.88,		3882.89,		3905.78,
122,		3663.70,		3882.61,		3905.76,
123,		3660.90,		3882.81,		3905.77,
124,		3666.36,		3882.96,		3905.76,
125,		3668.85,		3882.61,		3905.78,
126,		3661.88,		3882.73,		3905.79,
127,		3664.72,		3882.54,		3905.78,
128,		3658.94,		3882.64,		3905.77,
129,		3660.42,		3882.98,		3905.80,
130,		3665.52,		3883.33,		3905.81,
131,		3679.61,		3883.64,		3905.80,
132,		3676.54,		3883.70,		3905.78,
133,		3673.46,		3883.54,		3905.77,
134,		3667.30,		3883.35,		3905.79,
135,		3668.27,		3883.31,		3905.79,
136,		3679.93,		3883.37,		3905.82,
137,		3679.92,		3883.14,		3905.81,
138,		3677.92,		3883.58,		3905.78,
139,		3688.05,		3883.99,		3905.78,
140,		3677.46,		3884.22,		3905.77,
141,		3682.03,		3884.33,		3905.74,
142,		3680.26,		3884.58,		3905.75,
143,		3694.66,		3884.57,		3905.79,
144,		3692.83,		3884.62,		3905.75,
145,		3691.55,		3884.29,		3905.76,
146,		3671.87,		3884.62,		3905.75,
147,		3675.77,		3884.67,		3905.78,
148,		3673.84,		3884.56,		3905.77,
149,		3680.55,		3884.42,		3905.80,
150,		3671.97,		3884.35,		3905.79,
151,		3647.41,		3883.68,		3905.78,
152,		3654.14,		3883.69,		3905.78,
153,		3677.97,		3883.97,		3905.77,
154,		3676.85,		3884.35,		3905.76,
155,		3685.42,		3884.47,		3905.78,
156,		3685.49,		3884.58,		3905.78,
157,		3670.16,		3884.75,		3905.76,
158,		3668.46,		3884.71,		3905.79,
159,		3670.13,		3884.73,		3905.75,
160,		3651.53,		3884.72,		3905.76,
161,		3657.64,		3884.69,		3905.75,
162,		3657.09,		3884.78,		3905.76,
163,		3667.33,		3884.78,		3905.77,
164,		3675.68,		3884.69,		3905.78,
165,		3673.35,		3885.13,		3905.77,
166,		3687.94,		3885.51,		3905.74,
167,		3682.15,		3885.57,		3905.74,
168,		3684.99,		3885.76,		3905.74,
169,		3688.55,		3885.86,		3905.80,
170,		3680.54,		3886.01,		3905.75,
171,		3671.07,		3885.90,		3905.76,
172,		3677.21,		3885.78,		3905.73,
173,		3685.44,		3885.78,		3905.74,
174,		3678.15,		3885.67,		3905.75,
175,		3689.18,		3885.46,		3905.75,
176,		3692.34,		3885.84,		3905.73,
177,		3691.28,		3885.65,		3905.72,
178,		3694.99,		3886.11,		3905.74,
179,		3696.02,		3886.25,		3905.69,
180,		3698.79,		3886.08,		3905.69,
181,		3697.05,		3886.01,		3905.71,
182,		3691.18,		3886.02,		3905.71,
183,		3686.98,		3886.13,		3905.71,
184,		3707.95,		3886.66,		3905.69,
185,		3691.64,		3886.76,		3905.74,
186,		3711.20,		3887.28,		3905.72,
187,		3720.22,		3887.54,		3905.71,
188,		3693.71,		3887.03,		3905.73,
189,		3696.02,		3887.05,		3905.73,
190,		3706.74,		3887.03,		3905.73,
191,		3695.48,		3886.92,		3905.74,
192,		3695.80,		3887.33,		3905.74,
193,		3685.60,		3887.15,		3905.74,
194,		3691.83,		3887.10,		3905.75,
195,		3706.26,		3887.43,		3905.74,
196,		3697.13,		3887.23,		3905.73,
197,		3696.26,		3887.29,		3905.74,
198,		3706.94,		3887.37,		3905.72,
199,		3717.45,		3887.72,		3905.71,
200,		3700.54,		3887.79,		3905.72,
201,		3707.60,		3887.46,		3905.70,
202,		3704.07,		3887.68,		3905.73,
203,		3706.69,		3887.31,		3905.71,
204,		3688.96,		3887.48,		3905.70,
205,		3708.11,		3887.94,		3905.73,
206,		3683.26,		3887.68,		3905.74,
207,		3705.93,		3888.05,		3905.75,
208,		3719.07,		3888.22,		3905.73,
209,		3726.76,		3888.51,		3905.73,
210,		3710.69,		3888.36,		3905.71,
211,		3715.64,		3888.24,		3905.72,
212,		3703.83,		3888.76,		3905.72,
213,		3713.82,		3888.99,		3905.72,
214,		3721.35,		3889.00,		3905.74,
215,		3709.65,		3889.09,		3905.73,
216,		3711.10,		3889.24,		3905.72,
217,		3712.42,		3888.86,		3905.70,
218,		3708.31,		3888.71,		3905.72,
219,		3707.30,		3888.60,		3905.73,
220,		3708.47,		3888.72,		3905.74,
221,		3701.35,		3888.69,		3905.72,
222,		3714.68,		3888.71,		3905.72,
223,		3718.61,		3888.52,		3905.70,
224,		3699.97,		3888.25,		3905.69,
225,		3718.04,		3888.36,		3905.70,
226,		3724.35,		3888.25,		3905.71,
227,		3720.62,		3888.51,		3905.72,
228,		3719.81,		3888.60,		3905.71,
229,		3709.79,		3888.74,		3905.73,
230,		3708.09,		3888.12,		3905.71,
231,		3714.46,		3888.15,		3905.71,
232,		3703.13,		3888.21,		3905.70,
233,		3703.75,		3888.13,		3905.70,
234,		3695.43,		3888.23,		3905.68,
235,		3704.50,		3888.44,		3905.71,
236,		3711.08,		3888.62,		3905.70,
237,		3710.36,		3888.65,		3905.72,
238,		3724.45,		3888.91,		3905.74,
239,		3716.10,		3888.98,		3905.74,
240,		3717.82,		3888.91,		3905.67,
241,		3721.44,		3888.92,		3905.68,
242,		3724.90,		3889.02,		3905.68,
243,		3723.80,		3888.63,		3905.67,
244,		3720.02,		3889.02,		3905.69,
245,		3726.84,		3889.04,		3905.73,
246,		3713.19,		3889.28,		3905.71,
247,		3730.41,		3889.19,		3905.69,
248,		3724.67,		3888.89,		3905.71,
249,		3725.84,		3888.90,		3905.67,
250,		3704.84,		3888.87,		3905.70,
251,		3721.58,		3888.99,		3905.68,
252,		3707.07,		3888.55,		3905.70,
253,		3714.59,		3888.68,		3905.70,
254,		3715.39,		3889.16,		3905.69,
255,		3720.03,		3889.55,		3905.71,
256,		3723.54,		3889.28,		3905.68,
257,		3723.21,		3889.19,		3905.68,
258,		3718.47,		3889.37,		3905.72,
259,		3724.05,		3889.41,		3905.70,
260,		3726.55,		3889.49,		3905.69,
261,		3715.89,		3888.99,		3905.72,
262,		3721.27,		3889.02,		3905.72,
263,		3725.11,		3889.29,		3905.72,
264,		3729.99,		3889.39,		3905.72,
265,		3724.36,		3889.39,		3905.72,
266,		3726.47,		3889.40,		3905.70,
267,		3730.66,		3889.29,		3905.71,
268,		3728.25,		3889.19,		3905.70,
269,		3729.43,		3889.26,		3905.68,
270,		3731.36,		3888.92,		3905.68,
271,		3743.38,		3889.29,		3905.69,
272,		3737.66,		3889.10,		3905.69,
273,		3729.94,		3889.24,		3905.71,
274,		3724.12,		3889.11,		3905.69,
275,		3708.67,		3888.79,		3905.70,
276,		3719.21,		3889.02,		3905.68,
277,		3719.99,		3889.44,		3905.73,
278,		3733.28,		3889.40,		3905.72,
279,		3725.76,		3889.72,		3905.74,
280,		3730.20,		3889.66,		3905.70,
281,		3735.79,		3889.70,		3905.69,
282,		3729.71,		3889.50,		3905.70,
283,		3729.01,		3889.70,		3905.71,
284,		3737.92,		3889.71,		3905.71,
285,		3717.44,		3889.62,		3905.74,
286,		3724.52,		3889.69,		3905.71,
287,		3713.04,		3889.65,		3905.71,
288,		3722.74,		3889.92,		3905.72,
289,		3724.97,		3889.97,		3905.72,
290,		3723.65,		3889.88,		3905.68,
291,		3727.51,		3889.80,		3905.70,
292,		3717.60,		3889.43,		3905.73,
293,		3723.85,		3889.50,		3905.70,
294,		3732.74,		3889.81,		3905.72,
295,		3730.60,		3889.89,		3905.68,
296,		3735.91,		3890.18,		3905.68,
297,		3737.21,		3890.21,		3905.67,
298,		3734.84,		3890.16,		3905.70,
299,		3720.85,		3890.09,		3905.67,
300,		3729.63,		3890.21,		3905.69,
301,		3738.66,		3890.08,		3905.67,
302,		3731.34,		3889.81,		3905.67,
303,		3728.57,		3890.01,		3905.68,
304,		3731.21,		3889.83,		3905.64,
305,		3737.38,		3890.14,		3905.69,
306,		3743.99,		3890.24,		3905.70,
307,		3749.48,		3890.47,		3905.68,
308,		3734.41,		3890.17,		3905.68,
309,		3733.49,		3890.36,		3905.68,
310,		3748.09,		3890.30,		3905.67,
311,		3732.23,		3890.24,		3905.71,
312,		3728.70,		3890.00,		3905.68,
313,		3739.08,		3889.98,		3905.70,
314,		3742.26,		3890.14,		3905.70,
315,		3750.93,		3890.15,		3905.71,
316,		3735.78,		3890.11,		3905.69,
317,		3739.41,		3890.43,		3905.69,
318,		3751.10,		3890.13,		3905.68,
319,		3749.61,		3890.19,		3905.67,
320,		3747.10,		3890.24,		3905.67,
321,		3742.17,		3890.38,		3905.72,
322,		3746.14,		3890.36,		3905.71,
323,		3740.92,		3890.45,		3905.67,
324,		3745.98,		3890.36,		3905.72,
325,		3750.93,		3890.81,		3905.74,
326,		3740.93,		3890.78,		3905.71,
327,		3752.14,		3890.82,		3905.70,
328,		3746.73,		3890.24,		3905.69,
329,		3726.20,		3890.15,		3905.69,
330,		3722.35,		3890.48,		3905.70,
331,		3728.69,		3890.33,		3905.71,
332,		3741.40,		3890.25,		3905.70,
333,		3728.16,		3890.17,		3905.74,
334,		3729.46,		3890.20,		3905.73,
335,		3735.00,		3890.17,		3905.70,
336,		3737.53,		3889.97,		3905.74,
337,		3725.54,		3890.23,		3905.71,
338,		3731.57,		3889.92,		3905.71,
339,		3721.47,		3890.20,		3905.70,
340,		3729.87,		3890.29,		3905.74,
341,		3732.95,		3890.27,		3905.72,
342,		3740.65,		3890.34,		3905.73,
343,		3729.58,		3890.16,		3905.74,
344,		3732.19,		3890.09,		3905.72,
345,		3736.12,		3889.85,		3905.70,
346,		3739.28,		3889.78,		3905.70,
347,		3742.63,		3889.71,		3905.69,
348,		3746.32,		3889.79,		3905.67,
349,		3736.75,		3889.65,		3905.67,
350,		3736.48,		3889.93,		3905.69,
351,		3736.64,		3889.55,		3905.68,
352,		3744.64,		3889.39,		3905.69,
353,		3730.81,		3889.32,		3905.69,
354,		3737.54,		3889.30,		3905.71,
355,		3726.39,		3889.37,		3905.74,
356,		3739.14,		3889.50,		3905.72,
357,		3738.22,		3889.68,		3905.74,
358,		3741.63,		3889.62,		3905.71,
359,		3739.18,		3890.03,		3905.72,
360,		3744.77,		3890.19,		3905.72,
361,		3748.32,		3890.48,		3905.71,
362,		3747.23,		3890.42,		3905.70,
363,		3741.58,		3890.13,		3905.68,
364,		3745.32,		3889.88,		3905.71,
365,		3739.75,		3889.94,		3905.70,
366,		3734.93,		3889.82,		3905.68,
367,		3741.49,		3889.72,		3905.69,
368,		3744.86,		3889.74,		3905.69,
369,		3726.39,		3889.38,		3905.70,
370,		3732.92,		3889.56,		3905.72,
371,		3743.37,		3889.55,		3905.71,
372,		3747.46,		3889.62,		3905.71,
373,		3742.77,		3889.46,		3905.71,
374,		3746.45,		3889.85,		3905.67,
375,		3748.88,		3890.04,		3905.68,
376,		3749.87,		3890.06,		3905.67,
377,		3750.25,		3889.80,		3905.69,
378,		3745.89,		3889.68,		3905.68,
379,		3747.91,		3889.71,		3905.69,
380,		3748.52,		3889.54,		3905.68,
381,		3749.82,		3889.14,		3905.68,
382,		3739.94,		3889.08,		3905.70,
383,		3737.96,		3888.98,		3905.71,
384,		3734.30,		3889.14,		3905.69,
385,		3735.38,		3889.34,		3905.69,
386,		3743.60,		3889.47,		3905.72,
387,		3730.37,		3889.35,		3905.71,
388,		3727.25,		3889.21,		3905.71,
389,		3732.65,		3889.40,		3905.71,
390,		3738.74,		3889.77,		3905.72,
391,		3736.97,		3889.59,		3905.73,
392,		3731.14,		3889.31,		3905.72,
393,		3731.64,		3888.89,		3905.72,
394,		3719.67,		3888.93,		3905.70,
395,		3723.28,		3888.78,		3905.70,
396,		3735.13,		3889.47,		3905.72,
397,		3739.95,		3889.52,		3905.73,
398,		3734.99,		3889.34,		3905.70,
399,		3740.10,		3889.31,		3905.71,
400,		3732.45,		3889.62,		3905.72,
401,		3734.89,		3889.53,		3905.71,
402,		3738.86,		3889.68,		3905.71,
403,		3748.19,		3889.85,		3905.73,
404,		3752.21,		3890.02,		3905.69,
405,		3749.44,		3889.99,		3905.73,
406,		3751.82,		3889.85,		3905.75,
407,		3744.53,		3890.34,		3905.70,
408,		3742.26,		3890.16,		3905.71,
409,		3728.79,		3890.25,		3905.71,
410,		3745.29,		3890.27,		3905.72,
411,		3738.07,		3890.16,		3905.72,
412,		3734.66,		3889.95,		3905.69,
413,		3740.31,		3889.82,		3905.68,
414,		3724.26,		3889.72,		3905.71,
415,		3719.63,		3889.72,		3905.71,
416,		3724.67,		3889.47,		3905.71,
417,		3728.66,		3889.62,		3905.71,
418,		3725.38,		3889.59,		3905.73,
419,		3731.70,		3889.79,		3905.72,
420,		3718.69,		3889.60,		3905.72,
421,		3729.22,		3889.61,		3905.68,
422,		3740.29,		3889.54,		3905.68,
423,		3733.71,		3889.53,		3905.67,
424,		3734.11,		3889.40,		3905.69,
425,		3727.30,		3889.47,		3905.70,
426,		3731.93,		3889.44,		3905.69,
427,		3720.06,		3889.45,		3905.71,
428,		3735.30,		3889.75,		3905.70,
429,		3734.69,		3889.70,		3905.67,
430,		3736.26,		3889.67,		3905.69,
431,		3740.90,		3889.90,		3905.72,
432,		3737.98,		3889.87,		3905.71,
433,		3729.99,		3889.91,		3905.69,
434,		3725.51,		3890.13,		3905.68,
435,		3723.01,		3889.69,		3905.68,
436,		3721.37,		3889.72,		3905.72,
437,		3722.89,		3890.12,		3905.71,
438,		3737.48,		3890.24,		3905.73,
439,		3736.23,		3890.31,		3905.73,
440,		3737.22,		3890.46,		3905.70,
441,		3728.76,		3890.38,		3905.70,
442,		3737.81,		3890.65,		3905.70,
443,		3715.86,		3890.16,		3905.71,
444,		3714.43,		3889.98,		3905.70,
445,		3721.35,		3890.02,		3905.68,
446,		3723.34,		3890.14,		3905.70,
447,		3723.30,		3890.16,		3905.70,
448,		3722.52,		3890.02,		3905.70,
449,		3739.71,		3890.42,		3905.68,
450,		3738.36,		3890.17,		3905.67,
451,		3740.06,		3890.39,		3905.71,
452,		3741.38,		3890.40,		3905.68,
453,		3724.45,		3890.26,		3905.68,
454,		3717.72,		3890.33,		3905.70,
455,		3720.65,		3890.14,		3905.70,
456,		3734.24,		3889.86,		3905.71,
457,		3732.25,		3890.10,		3905.71,
458,		3733.44,		3890.28,		3905.69,
459,		3738.27,		3890.30,		3905.70,
460,		3747.92,		3890.19,		3905.69,
461,		3744.36,		3890.30,		3905.68,
462,		3728.70,		3890.73,		3905.71,
463,		3729.92,		3890.81,		3905.70,
464,		3727.87,		3890.85,		3905.69,
465,		3744.65,		3891.12,		3905.69,
466,		3756.21,		3891.47,		3905.72,
467,		3746.32,		3891.47,		3905.70,
468,		3747.36,		3891.28,		3905.74,
469,		3744.37,		3891.61,		3905.70,
470,		3745.62,		3891.73,		3905.71,
471,		3738.63,		3891.60,		3905.72,
472,		3737.07,		3891.44,		3905.70,
473,		3733.91,		3891.33,		3905.70,
474,		3744.15,		3891.17,		3905.69,
475,		3745.97,		3891.30,		3905.71,
476,		3731.84,		3891.10,		3905.71,
477,		3743.55,		3891.15,		3905.68,
478,		3740.11,		3891.20,		3905.69,
479,		3734.82,		3891.27,		3905.72,
480,		3732.39,		3891.43,		3905.70,
481,		3737.88,		3891.33,		3905.73,
482,		3734.11,		3891.17,		3905.71,
483,		3725.10,		3891.18,		3905.70,
484,		3745.67,		3891.64,		3905.69,
485,		3750.07,		3891.68,		3905.73,
486,		3748.83,		3891.41,		3905.68,
487,		3755.63,		3891.63,		3905.70,
488,		3754.54,		3891.88,		3905.72,
489,		3752.01,		3891.88,		3905.69,
490,		3743.20,		3891.62,		3905.71,
491,		3735.43,		3891.95,		3905.70,
492,		3735.92,		3891.97,		3905.70,
493,		3740.19,		3891.80,		3905.71,
494,		3746.95,		3891.84,		3905.70,
495,		3758.84,		3892.03,		3905.67,
496,		3762.99,		3891.99,		3905.69,
497,		3761.35,		3892.32,		3905.68,
498,		3763.55,		3892.44,		3905.69,
499,		3760.75,		3892.49,		3905.68,
500,		3763.37,		3892.56,		3905.67,
501,		3767.15,		3892.58,		3905.70,
502,		3744.95,		3892.38,		3905.68,
503,		3742.96,		3892.66,		3905.66,
504,		3757.36,		3892.77,		3905.67,
505,		3755.07,		3892.78,		3905.70,
506,		3759.41,		3892.77,		3905.67,
507,		3755.46,		3892.78,		3905.69,
508,		3768.02,		3892.95,		3905.70,
509,		3760.05,		3893.06,		3905.69,
510,		3765.46,		3893.00,		3905.70,
511,		3761.90,		3893.15,		3905.70,
512,		3755.81,		3893.30,		3905.68,
513,		3749.96,		3893.00,		3905.70,
514,		3761.48,		3893.05,		3905.67,
515,		3770.90,		3892.98,		3905.69,
516,		3768.66,		3893.04,		3905.69,
517,		3764.95,		3892.95,		3905.70,
518,		3766.86,		3892.92,		3905.71,
519,		3761.70,		3892.71,		3905.71,
520,		3764.80,		3892.59,		3905.71,
521,		3772.82,		3892.65,		3905.71,
522,		3769.95,		3892.81,		3905.69,
523,		3769.07,		3892.71,		3905.69,
524,		3766.86,		3892.82,		3905.68,
525,		3761.22,		3892.78,		3905.68,
526,		3760.25,		3892.74,		3905.71,
527,		3772.47,		3892.93,		3905.71,
528,		3762.88,		3892.94,		3905.73,
529,		3773.44,		3893.13,		3905.69,
530,		3763.66,		3893.23,		3905.74,
531,		3762.70,		3892.76,		3905.72,
532,		3762.36,		3892.72,		3905.72,
533,		3756.83,		3892.76,		3905.72,
534,		3756.01,		3893.03,		3905.72,
535,		3772.45,		3893.13,		3905.70,
536,		3759.46,		3892.81,		3905.70,
537,		3766.55,		3893.22,		3905.70,
538,		3767.21,		3892.97,		3905.70,
539,		3764.72,		3893.28,		3905.71,
540,		3763.84,		3893.26,		3905.70,
541,		3772.36,		3893.32,		3905.69,
542,		3774.87,		3893.60,		3905.67,
543,		3779.12,		3893.52,		3905.68,
544,		3781.33,		3893.49,		3905.72,
545,		3781.49,		3893.51,		3905.70,
546,		3775.20,		3893.44,		3905.69,
547,		3774.64,		3893.37,		3905.70,
548,		3774.18,		3893.56,		3905.69,
549,		3779.51,		3893.54,		3905.69,
550,		3772.45,		3893.38,		3905.67,
551,		3769.79,		3893.09,		3905.70,
552,		3771.29,		3893.03,		3905.69,
553,		3770.67,		3893.06,		3905.73,
554,		3762.88,		3892.99,		3905.71,
555,		3770.16,		3892.87,		3905.72,
556,		3770.26,		3893.02,		3905.73,
557,		3779.67,		3892.97,		3905.75,
558,		3778.81,		3892.90,		3905.76,
559,		3783.34,		3892.71,		3905.72,
560,		3768.19,		3892.37,		3905.70,
561,		3777.20,		3892.51,		3905.72,
562,		3780.10,		3892.56,		3905.71,
563,		3778.37,		3892.29,		3905.70,
564,		3766.23,		3892.26,		3905.71,
565,		3760.59,		3891.97,		3905.72,
566,		3763.42,		3891.85,		3905.69,
567,		3770.26,		3892.14,		3905.70,
568,		3761.53,		3891.82,		3905.72,
569,		3766.39,		3891.99,		3905.72,
570,		3760.80,		3892.15,		3905.70,
571,		3753.58,		3892.17,		3905.67,
572,		3755.23,		3892.42,		3905.69,
573,		3756.00,		3892.21,		3905.70,
574,		3768.42,		3892.34,		3905.72,
575,		3763.90,		3892.47,		3905.75,
576,		3759.76,		3892.54,		3905.72,
577,		3759.18,		3892.48,		3905.72,
578,		3760.93,		3892.60,		3905.72,
579,		3764.53,		3893.03,		3905.72,
580,		3764.37,		3892.93,		3905.72,
581,		3768.56,		3892.80,		3905.72,
582,		3773.65,		3892.85,		3905.72,
583,		3781.52,		3892.98,		3905.69,
584,		3773.26,		3893.01,		3905.72,
585,		3769.74,		3892.80,		3905.71,
586,		3768.87,		3892.88,		3905.69,
587,		3760.23,		3893.08,		3905.69,
588,		3769.05,		3893.07,		3905.72,
589,		3771.60,		3893.15,		3905.71,
590,		3766.72,		3892.81,		3905.72,
591,		3771.65,		3892.97,		3905.71,
592,		3757.20,		3892.95,		3905.69,
593,		3765.48,		3892.96,		3905.70,
594,		3763.61,		3892.72,		3905.71,
595,		3767.23,		3892.71,		3905.72,
596,		3771.12,		3892.90,		3905.70,
597,		3772.61,		3893.20,		3905.75,
598,		3768.82,		3893.15,		3905.69,
599,		3771.06,		3893.22,		3905.65,
600,		3774.69,		3893.09,		3905.71,
601,		3773.71,		3893.01,		3905.74,
602,		3762.53,		3892.78,		3905.70,
603,		3766.27,		3892.88,		3905.70,
604,		3766.32,		3892.82,		3905.69,
605,		3754.50,		3892.74,		3905.72,
606,		3749.47,		3892.42,		3905.73,
607,		3763.30,		3892.45,		3905.73,
608,		3755.85,		3892.47,		3905.73,
609,		3762.48,		3892.46,		3905.73,
610,		3753.95,		3892.36,		3905.72,
611,		3759.73,		3892.56,		3905.73,
612,		3775.38,		3892.49,		3905.73,
613,		3776.70,		3892.58,		3905.73,
614,		3761.21,		3892.49,		3905.71,
615,		3776.71,		3892.56,		3905.71,
616,		3769.13,		3892.36,		3905.69,
617,		3770.72,		3892.52,		3905.71,
618,		3775.46,		3892.60,		3905.71,
619,		3776.73,		3892.48,		3905.71,
620,		3771.51,		3892.32,		3905.72,
621,		3761.73,		3892.02,		3905.70,
622,		3755.63,		3892.04,		3905.69,
623,		3750.24,		3892.22,		3905.72,
624,		3759.48,		3892.17,		3905.69,
625,		3763.17,		3892.10,		3905.70,
626,		3754.92,		3892.09,		3905.69,
627,		3768.25,		3892.35,		3905.70,
628,		3781.05,		3892.35,		3905.70,
629,		3773.47,		3892.31,		3905.70,
630,		3770.64,		3892.18,		3905.68,
631,		3771.78,		3892.26,		3905.69,
632,		3778.56,		3891.99,		3905.69,
633,		3773.10,		3891.82,		3905.69,
634,		3772.95,		3891.67,		3905.69,
635,		3765.54,		3891.49,		3905.69,
636,		3775.92,		3891.93,		3905.68,
637,		3770.92,		3892.18,		3905.68,
638,		3751.34,		3892.14,		3905.67,
639,		3757.47,		3892.21,		3905.69,
640,		3759.86,		3892.23,		3905.71,
641,		3760.37,		3892.23,		3905.73,
642,		3751.66,		3892.23,		3905.69,
643,		3752.75,		3892.22,		3905.70,
644,		3751.46,		3892.24,		3905.72,
645,		3757.75,		3892.19,		3905.72,
646,		3769.54,		3892.63,		3905.73,
647,		3772.81,		3892.66,		3905.71,
648,		3776.93,		3892.62,		3905.69,
649,		3772.24,		3892.60,		3905.69,
650,		3758.69,		3892.52,		3905.71,
651,		3765.30,		3892.67,		3905.73,
652,		3751.77,		3892.55,		3905.69,
653,		3766.58,		3892.79,		3905.72,
654,		3767.75,		3892.61,		3905.72,
655,		3763.91,		3892.69,		3905.72,
656,		3769.14,		3892.95,		3905.69,
657,		3771.74,		3893.21,		3905.72,
658,		3769.60,		3893.33,		3905.74,
659,		3778.31,		3893.34,		3905.69,
660,		3780.89,		3893.44,		3905.71,
661,		3779.25,		3893.41,		3905.73,
662,		3771.40,		3893.45,		3905.73,
663,		3780.99,		3893.57,		3905.68,
664,		3773.36,		3893.45,		3905.73,
665,		3776.85,		3893.39,		3905.72,
666,		3773.10,		3893.43,		3905.68,
667,		3773.59,		3893.27,		3905.67,
668,		3764.38,		3893.17,		3905.66,
669,		3762.39,		3893.31,		3905.67,
670,		3768.38,		3893.41,		3905.68,
671,		3772.22,		3893.46,		3905.64,
672,		3768.98,		3893.23,		3905.67,
673,		3771.38,		3893.34,		3905.70,
674,		3774.68,		3893.42,		3905.70,
675,		3765.22,		3893.35,		3905.70,
676,		3767.97,		3893.45,		3905.68,
677,		3769.97,		3893.57,		3905.68,
678,		3773.39,		3893.40,		3905.69,
679,		3776.92,		3893.51,		3905.68,
680,		3765.16,		3893.37,		3905.68,
681,		3776.14,		3893.20,		3905.71,
682,		3772.28,		3893.19,		3905.70,
683,		3766.53,		3893.17,		3905.70,
684,		3771.45,		3893.03,		3905.70,
685,		3767.47,		3892.91,		3905.69,
686,		3770.94,		3892.99,		3905.69,
687,		3770.21,		3893.13,		3905.69,
688,		3768.84,		3893.00,		3905.71,
689,		3774.14,		3893.20,		3905.71,
690,		3776.61,		3893.38,		3905.67,
691,		3764.02,		3893.10,		3905.67,
692,		3762.56,		3893.20,		3905.67,
693,		3754.70,		3893.28,		3905.73,
694,		3751.17,		3893.21,		3905.69,
695,		3743.29,		3893.03,		3905.69,
696,		3747.57,		3892.92,		3905.69,
697,		3749.75,		3892.76,		3905.70,
698,		3750.87,		3892.49,		3905.67,
699,		3744.39,		3892.55,		3905.71,
700,		3742.11,		3892.67,		3905.68,
701,		3753.23,		3892.71,		3905.71,
702,		3757.68,		3892.88,		3905.66,
703,		3740.02,		3892.70,		3905.68,
704,		3761.12,		3893.03,		3905.65,
705,		3764.56,		3893.14,		3905.61,
706,		3763.66,		3893.04,		3905.61,
707,		3762.06,		3893.07,		3905.63,
708,		3762.82,		3892.79,		3905.62,
709,		3761.62,		3892.63,		3905.62,
710,		3757.70,		3892.66,		3905.68,
711,		3761.01,		3892.79,		3905.71,
712,		3750.03,		3892.62,		3905.73,
713,		3750.61,		3892.57,		3905.72,
714,		3759.83,		3892.64,		3905.68,
715,		3742.16,		3892.29,		3905.68,
716,		3745.29,		3892.34,		3905.69,
717,		3752.03,		3892.30,		3905.71,
718,		3758.23,		3892.32,		3905.73,
719,		3759.54,		3892.50,		3905.74,
720,		3754.80,		3892.34,		3905.73,
721,		3754.95,		3892.24,		3905.70,
722,		3753.11,		3892.04,		3905.68,
723,		3751.66,		3892.09,		3905.71,
724,		3763.37,		3892.20,		3905.69,
725,		3754.87,		3892.22,		3905.66,
726,		3755.21,		3892.24,		3905.65,
727,		3753.62,		3892.50,		3905.73,
728,		3740.79,		3892.51,		3905.71,
729,		3757.99,		3892.83,		3905.69,
730,		3753.31,		3892.81,		3905.67,
731,		3761.28,		3892.98,		3905.70,
732,		3761.79,		3892.87,		3905.66,
733,		3772.33,		3893.09,		3905.71,
734,		3776.65,		3892.90,		3905.71,
735,		3754.76,		3892.83,		3905.74,
736,		3755.19,		3892.88,		3905.70,
737,		3768.99,		3893.04,		3905.68,
738,		3769.69,		3893.33,		3905.71,
739,		3764.69,		3893.14,		3905.71,
740,		3773.44,		3893.16,		3905.72,
741,		3778.06,		3893.59,		3905.70,
742,		3769.00,		3893.33,		3905.67,
743,		3763.52,		3893.37,		3905.67,
744,		3765.93,		3893.21,		3905.67,
745,		3768.54,		3893.38,		3905.70,
746,		3759.84,		3893.59,		3905.68,
747,		3763.34,		3893.50,		3905.68,
748,		3766.37,		3893.69,		3905.66,
749,		3765.89,		3893.69,		3905.67,
750,		3770.28,		3893.68,		3905.67,
751,		3780.62,		3893.54,		3905.67,
752,		3769.08,		3893.44,		3905.67,
753,		3765.60,		3893.51,		3905.68,
754,		3774.21,		3893.18,		3905.69,
755,		3764.45,		3893.30,		3905.68,
756,		3767.68,		3893.18,		3905.67,
757,		3752.43,		3892.69,		3905.72,
758,		3748.06,		3892.72,		3905.65,
759,		3762.10,		3892.62,		3905.66,
760,		3753.82,		3892.86,		3905.69,
761,		3764.66,		3892.93,		3905.71,
762,		3767.20,		3892.98,		3905.74,
763,		3752.29,		3892.97,		3905.75,
764,		3749.68,		3892.71,		3905.73,
765,		3750.73,		3892.80,		3905.67,
766,		3762.82,		3892.97,		3905.68,
767,		3758.29,		3893.05,		3905.70,
768,		3751.58,		3893.01,		3905.72,
769,		3755.33,		3893.16,		3905.73,
770,		3758.88,		3893.09,		3905.70,
771,		3774.67,		3893.21,		3905.70,
772,		3767.44,		3893.32,		3905.70,
773,		3757.74,		3893.15,		3905.74,
774,		3758.76,		3892.88,		3905.73,
775,		3775.47,		3893.10,		3905.74,
776,		3777.51,		3893.33,		3905.72,
777,		3776.84,		3893.28,		3905.70,
778,		3771.39,		3893.23,		3905.70,
779,		3774.11,		3893.10,		3905.72,
780,		3775.19,		3893.13,		3905.69,
781,		3761.90,		3893.14,		3905.70,
782,		3745.06,		3893.17,		3905.73,
783,		3752.75,		3893.08,		3905.71,
784,		3759.58,		3893.06,		3905.73,
785,		3761.01,		3892.87,		3905.71,
786,		3758.22,		3893.09,		3905.70,
787,		3761.71,		3893.00,		3905.72,
788,		3764.15,		3893.21,		3905.71,
789,		3742.78,		3893.02,		3905.68,
790,		3771.09,		3893.17,		3905.68,
791,		3766.32,		3893.00,		3905.63,
792,		3772.43,		3892.97,		3905.66,
793,		3775.48,		3892.98,		3905.68,
794,		3767.52,		3892.86,		3905.65,
795,		3759.33,		3892.87,		3905.70,
796,		3763.29,		3892.96,		3905.66,
797,		3758.32,		3892.82,		3905.67,
798,		3749.17,		3892.51,		3905.64,
799,		3755.20,		3892.53,		3905.68,
800,		3770.42,		3892.63,		3905.68,
801,		3751.18,		3892.34,		3905.70,
802,		3755.85,		3892.35,		3905.70,
803,		3753.18,		3892.41,		3905.71,
804,		3760.18,		3892.59,		3905.73,
805,		3762.19,		3892.49,		3905.73,
806,		3760.20,		3892.23,		3905.72,
807,		3758.60,		3891.96,		3905.70,
808,		3750.57,		3891.85,		3905.69,
809,		3756.97,		3892.23,		3905.69,
810,		3763.44,		3892.43,		3905.69,
811,		3761.91,		3892.73,		3905.64,
812,		3759.63,		3892.51,		3905.67,
813,		3766.85,		3892.40,		3905.73,
814,		3773.43,		3892.51,		3905.74,
815,		3769.87,		3892.33,		3905.70,
816,		3759.28,		3892.29,		3905.70,
817,		3763.43,		3892.29,		3905.70,
818,		3760.55,		3892.34,		3905.65,
819,		3764.69,		3892.64,		3905.67,
820,		3756.84,		3892.34,		3905.69,
821,		3763.80,		3892.37,		3905.66,
822,		3762.19,		3892.54,		3905.66,
823,		3767.17,		3892.70,		3905.61,
824,		3772.55,		3892.68,		3905.61,
825,		3762.00,		3892.66,		3905.61,
826,		3755.90,		3892.67,		3905.62,
827,		3753.71,		3892.79,		3905.62,
828,		3754.25,		3892.91,		3905.62,
829,		3758.44,		3892.96,		3905.65,
830,		3767.78,		3892.96,		3905.65,
831,		3761.21,		3893.13,		3905.66,
832,		3762.33,		3892.91,		3905.65,
833,		3750.03,		3892.64,		3905.63,
834,		3754.94,		3892.78,		3905.64,
835,		3752.26,		3892.67,		3905.60,
836,		3752.20,		3892.78,		3905.58,
837,		3762.18,		3892.72,		3905.66,
838,		3745.90,		3892.43,		3905.68,
839,		3747.78,		3892.33,		3905.66,
840,		3766.59,		3892.26,		3905.66,
841,		3773.28,		3892.35,		3905.64,
842,		3764.31,		3892.15,		3905.67,
843,		3758.08,		3892.11,		3905.64,
844,		3763.11,		3892.17,		3905.65,
845,		3768.91,		3892.42,		3905.66,
846,		3763.97,		3892.16,		3905.63,
847,		3754.93,		3892.18,		3905.64,
848,		3752.93,		3892.13,		3905.62,
849,		3760.47,		3891.94,		3905.63,
850,		3760.89,		3892.09,		3905.64,
851,		3757.16,		3891.78,		3905.68,
852,		3757.42,		3892.00,		3905.64,
853,		3754.03,		3891.79,		3905.65,
854,		3757.20,		3891.85,		3905.64,
855,		3757.07,		3891.74,		3905.68,
856,		3755.01,		3891.73,		3905.66,
857,		3756.42,		3891.65,		3905.69,
858,		3755.68,		3891.62,		3905.68,
859,		3765.94,		3891.66,		3905.67,
860,		3754.17,		3891.51,		3905.66,
861,		3752.70,		3891.29,		3905.62,
862,		3753.17,		3891.61,		3905.62,
863,		3757.72,		3891.77,		3905.70,
864,		3766.88,		3892.01,		3905.65,
865,		3750.98,		3891.98,		3905.65,
866,		3767.66,		3891.93,		3905.66,
867,		3780.28,		3891.95,		3905.66,
868,		3778.41,		3892.01,		3905.65,
869,		3780.56,		3891.98,		3905.63,
870,		3775.50,		3891.87,		3905.63,
871,		3763.46,		3891.94,		3905.63,
872,		3780.70,		3892.08,		3905.66,
873,		3758.76,		3892.05,		3905.66,
874,		3762.45,		3891.94,		3905.62,
875,		3756.62,		3891.86,		3905.61,
876,		3756.76,		3891.74,		3905.64,
877,		3749.05,		3891.51,		3905.64,
878,		3743.50,		3891.54,		3905.65,
879,		3744.16,		3891.61,		3905.64,
880,		3737.66,		3891.35,		3905.63,
881,		3747.22,		3891.28,		3905.64,
882,		3743.89,		3891.35,		3905.64,
883,		3736.78,		3891.26,		3905.64,
884,		3749.39,		3891.53,		3905.65,
885,		3741.86,		3891.33,		3905.64,
886,		3739.73,		3891.48,		3905.65,
887,		3746.43,		3891.64,		3905.67,
888,		3746.54,		3891.57,		3905.67,
889,		3753.08,		3891.51,		3905.67,
890,		3745.08,		3891.55,		3905.65,
891,		3732.66,		3891.47,		3905.69,
892,		3732.08,		3891.82,		3905.68,
893,		3745.10,		3891.92,		3905.70,
894,		3747.87,		3891.84,		3905.68,
895,		3751.58,		3891.44,		3905.70,
896,		3745.55,		3891.57,		3905.70,
897,		3745.91,		3891.74,		3905.72,
898,		3752.42,		3891.82,		3905.67,
899,		3757.79,		3891.93,		3905.68,
900,		3741.08,		3891.55,		3905.69,
901,		3748.82,		3891.66,		3905.67,
902,		3751.31,		3891.94,		3905.69,
903,		3755.60,		3891.77,		3905.67,
904,		3757.75,		3891.95,		3905.67,
905,		3755.36,		3891.73,		3905.65,
906,		3744.36,		3891.93,		3905.66,
907,		3747.32,		3891.90,		3905.66,
908,		3748.47,		3891.69,		3905.65,
909,		3745.62,		3891.72,		3905.68,
910,		3732.46,		3891.48,		3905.64,
911,		3745.23,		3891.27,		3905.65,
912,		3739.14,		3891.34,		3905.66,
913,		3751.38,		3891.31,		3905.68,
914,		3751.06,		3891.21,		3905.65,
915,		3755.95,		3891.33,		3905.65,
916,		3749.77,		3891.24,		3905.64,
917,		3754.91,		3891.13,		3905.64,
918,		3751.51,		3891.35,		3905.65,
919,		3747.51,		3891.57,		3905.65,
920,		3755.56,		3891.90,		3905.67,
921,		3762.05,		3891.69,		3905.63,
922,		3751.85,		3891.67,		3905.65,
923,		3755.78,		3891.48,		3905.66,
924,		3766.40,		3891.60,		3905.64,
925,		3767.74,		3891.77,		3905.64,
926,		3755.50,		3891.71,		3905.61,
927,		3752.23,		3891.71,		3905.58,
928,		3772.49,		3891.92,		3905.60,
929,		3768.72,		3891.95,		3905.62,
930,		3753.25,		3891.73,		3905.60,
931,		3766.92,		3891.87,		3905.56,
932,		3771.40,		3891.96,		3905.61,
933,		3771.80,		3891.99,		3905.61,
934,		3752.27,		3891.74,		3905.65,
935,		3756.70,		3891.84,		3905.65,
936,		3757.68,		3892.02,		3905.66,
937,		3753.11,		3892.05,		3905.65,
938,		3739.72,		3892.06,		3905.64,
939,		3756.72,		3892.02,		3905.62,
940,		3762.23,		3891.99,		3905.62,
941,		3762.61,		3892.04,		3905.62,
942,		3768.39,		3892.32,		3905.63,
943,		3769.78,		3891.89,		3905.61,
944,		3768.13,		3891.94,		3905.66,
945,		3745.17,		3892.02,		3905.64,
946,		3753.41,		3891.94,		3905.64,
947,		3751.63,		3891.93,		3905.65,
948,		3760.79,		3891.88,		3905.63,
949,		3762.20,		3891.90,		3905.67,
950,		3763.86,		3891.96,		3905.63,
951,		3751.65,		3891.98,		3905.65,
952,		3755.54,		3892.11,		3905.65,
953,		3760.68,		3892.28,		3905.67,
954,		3761.16,		3891.90,		3905.68,
955,		3746.75,		3891.65,		3905.64,
956,		3752.69,		3891.58,		3905.61,
957,		3752.19,		3891.43,		3905.71,
958,		3758.55,		3891.40,		3905.63,
959,		3758.23,		3891.48,		3905.64,
960,		3760.43,		3891.40,		3905.65,
961,		3756.28,		3891.43,		3905.66,
962,		3749.29,		3891.32,		3905.67,
963,		3756.19,		3891.29,		3905.69,
964,		3763.75,		3891.30,		3905.65,
965,		3751.90,		3891.39,		3905.63,
966,		3751.20,		3891.43,		3905.64,
967,		3759.96,		3891.67,		3905.64,
968,		3753.01,		3891.83,		3905.63,
969,		3760.44,		3891.91,		3905.63,
970,		3764.95,		3891.92,		3905.65,
971,		3759.86,		3892.07,		3905.65,
972,		3761.50,		3891.93,		3905.62,
973,		3757.82,		3891.61,		3905.65,
974,		3762.52,		3891.20,		3905.65,
975,		3757.24,		3891.06,		3905.65,
976,		3739.31,		3890.50,		3905.67,
977,		3743.02,		3890.40,		3905.64,
978,		3741.46,		3890.49,		3905.66,
979,		3742.89,		3890.49,		3905.72,
980,		3748.03,		3890.34,		3905.73,
981,		3752.34,		3890.37,		3905.72,
982,		3746.74,		3890.16,		3905.68,
983,		3746.59,		3890.64,		3905.70,
984,		3740.35,		3890.61,		3905.69,
985,		3744.08,		3890.63,		3905.69,
986,		3749.72,		3890.69,		3905.67,
987,		3737.54,		3890.71,		3905.70,
988,		3755.71,		3890.42,		3905.67,
989,		3757.54,		3890.32,		3905.68,
990,		3755.90,		3890.56,		3905.68,
991,		3749.62,		3890.70,		3905.66,
992,		3752.04,		3890.55,		3905.67,
993,		3752.02,		3890.67,		3905.70,
994,		3745.71,		3890.79,		3905.65,
995,		3751.47,		3891.02,		3905.67,
996,		3740.00,		3891.12,		3905.67,
997,		3745.78,		3891.00,		3905.69,
998,		3750.81,		3890.61,		3905.71,
999,		3744.23,		3890.59,		3905.69,
