GEN,		MIN,			AVE,			MAX,
0,		0.06425,		58.17750,		394.62207,
1,		0.06973,		56.97392,		380.66502,
2,		0.06939,		55.87706,		376.18492,
3,		0.07631,		54.31168,		376.56596,
4,		0.06583,		53.57142,		367.94499,
5,		0.06171,		52.74477,		366.87995,
6,		0.06396,		52.25679,		368.80586,
7,		0.06833,		51.07545,		359.41804,
8,		0.05497,		49.70465,		354.12259,
9,		0.07711,		48.93125,		357.35290,
10,		0.08325,		48.80822,		351.40688,
11,		0.05952,		48.07928,		350.58958,
12,		0.07278,		47.86534,		351.26350,
13,		0.07684,		46.12138,		348.07569,
14,		0.06809,		45.42436,		344.13396,
15,		0.07594,		45.04914,		342.30845,
16,		0.07211,		44.22855,		341.21944,
17,		0.06583,		43.97002,		348.77538,
18,		0.05318,		43.72381,		357.38715,
19,		0.07835,		42.64043,		347.14813,
20,		0.07417,		42.21148,		347.50727,
21,		0.07816,		41.35896,		347.19639,
22,		0.09044,		41.01388,		336.71743,
23,		0.08661,		40.98402,		337.53724,
24,		0.07959,		39.99048,		332.34717,
25,		0.07410,		39.88192,		342.67905,
26,		0.08960,		39.55027,		333.65525,
27,		0.08194,		38.30921,		325.81231,
28,		0.08187,		38.08473,		329.23367,
29,		0.07567,		37.90694,		333.99059,
30,		0.07777,		37.84514,		328.88783,
31,		0.08392,		37.72429,		329.71543,
32,		0.07429,		37.22704,		326.94556,
33,		0.10319,		36.74069,		330.26957,
34,		0.10929,		36.07089,		335.27426,
35,		0.09684,		36.00771,		320.48375,
36,		0.09065,		36.88338,		316.16074,
37,		0.09176,		35.98403,		313.17646,
38,		0.09635,		35.00689,		314.18484,
39,		0.08853,		34.98437,		312.59496,
40,		0.10918,		34.77960,		308.15111,
41,		0.12191,		34.71116,		313.62688,
42,		0.09816,		34.78679,		302.29445,
43,		0.09610,		34.59021,		315.02454,
44,		0.11021,		35.28746,		313.69956,
45,		0.09452,		35.19451,		320.60250,
46,		0.10841,		34.84638,		329.25062,
47,		0.13578,		34.72873,		321.61009,
48,		0.13428,		34.33311,		314.59080,
49,		0.11624,		34.20780,		312.04603,
50,		0.11745,		33.81179,		313.39561,
51,		0.09812,		33.79593,		308.62104,
52,		0.12451,		34.12411,		309.87366,
53,		0.12093,		33.91791,		304.62250,
54,		0.14924,		33.48068,		300.30995,
55,		0.12475,		33.25164,		304.92069,
56,		0.11675,		32.58513,		294.51120,
57,		0.10925,		32.23417,		292.79293,
58,		0.09780,		31.82535,		293.30096,
59,		0.12954,		31.58361,		299.70218,
60,		0.13915,		31.54024,		293.21425,
61,		0.12384,		31.22406,		278.09739,
62,		0.12348,		30.63449,		285.22094,
63,		0.14303,		30.59985,		298.51908,
64,		0.16049,		30.29089,		287.47287,
65,		0.13346,		30.71202,		302.93238,
66,		0.14245,		30.28493,		296.44846,
67,		0.13334,		30.72651,		294.25755,
68,		0.12364,		30.87275,		291.06525,
69,		0.15602,		31.00253,		303.41259,
70,		0.13366,		30.48525,		294.32754,
71,		0.12903,		30.29717,		274.02071,
72,		0.12685,		30.18846,		266.50174,
73,		0.11725,		29.97645,		283.01975,
74,		0.12493,		29.63590,		285.58686,
75,		0.10886,		28.81952,		289.19344,
76,		0.11992,		28.28748,		269.23682,
77,		0.11817,		28.15397,		268.58646,
78,		0.11402,		27.84801,		277.42730,
79,		0.13015,		27.78212,		281.39782,
80,		0.12619,		27.73031,		267.33056,
81,		0.12396,		27.54307,		251.46696,
82,		0.11554,		27.51775,		265.72956,
83,		0.15835,		27.46886,		262.78520,
84,		0.14411,		27.08618,		265.12042,
85,		0.11347,		27.26698,		264.53510,
86,		0.14162,		27.24596,		278.89503,
87,		0.09788,		27.15453,		265.37599,
88,		0.13239,		26.85931,		273.54579,
89,		0.12853,		26.70074,		266.08533,
90,		0.14579,		26.86358,		274.17186,
91,		0.13728,		26.43529,		267.81612,
92,		0.12819,		26.16459,		262.90682,
93,		0.13298,		25.84179,		266.77091,
94,		0.15263,		25.76616,		266.57995,
95,		0.15321,		25.74570,		278.07578,
96,		0.14719,		25.83518,		274.34690,
97,		0.12697,		25.39882,		276.42724,
98,		0.12727,		25.16634,		277.16008,
99,		0.13265,		24.77389,		261.38659,
100,		0.14985,		24.44677,		258.17588,
101,		0.13731,		24.44765,		262.94028,
102,		0.13416,		24.59891,		271.02645,
103,		0.13984,		25.08698,		257.62400,
104,		0.15453,		24.84827,		243.62077,
105,		0.13066,		24.39470,		249.04311,
106,		0.12311,		24.07353,		233.28641,
107,		0.14394,		24.01787,		241.62002,
108,		0.12645,		24.01754,		239.43684,
109,		0.13134,		24.52308,		239.56724,
110,		0.14352,		24.06870,		248.99511,
111,		0.14479,		23.93411,		249.92604,
112,		0.14597,		23.83638,		250.95324,
113,		0.16559,		23.93831,		257.29667,
114,		0.14062,		24.05787,		248.23313,
115,		0.16202,		24.09376,		236.48650,
116,		0.13234,		24.04481,		235.03715,
117,		0.13768,		24.13025,		229.93268,
118,		0.13783,		23.27876,		233.96125,
119,		0.13744,		22.95790,		237.81008,
120,		0.11557,		23.14155,		227.59957,
121,		0.15176,		23.03109,		226.05005,
122,		0.16055,		23.31978,		242.22896,
123,		0.15415,		23.11344,		245.02376,
124,		0.16351,		22.96883,		239.56356,
125,		0.14851,		23.31664,		237.07908,
126,		0.13983,		23.19402,		244.05123,
127,		0.14407,		23.38869,		241.20400,
128,		0.15915,		23.29084,		246.98199,
129,		0.12654,		22.94558,		245.50884,
130,		0.11941,		22.59809,		240.40697,
131,		0.12733,		22.28286,		226.32082,
132,		0.14318,		22.22861,		229.38943,
133,		0.15301,		22.38273,		232.46575,
134,		0.13589,		22.57722,		238.62474,
135,		0.13673,		22.61513,		237.65203,
136,		0.10242,		22.55818,		225.99291,
137,		0.11594,		22.78716,		226.00925,
138,		0.14521,		22.34314,		228.01035,
139,		0.14801,		21.93374,		217.87127,
140,		0.15606,		21.70784,		228.46176,
141,		0.18232,		21.59228,		223.89435,
142,		0.17608,		21.34972,		225.67115,
143,		0.13888,		21.35075,		211.26848,
144,		0.17444,		21.30248,		213.09351,
145,		0.16386,		21.63733,		214.37672,
146,		0.17533,		21.30189,		234.05910,
147,		0.14527,		21.25540,		230.15521,
148,		0.15580,		21.36161,		232.08951,
149,		0.12235,		21.50698,		225.37648,
150,		0.13866,		21.58100,		233.95985,
151,		0.14692,		22.24640,		258.51773,
152,		0.14476,		22.23682,		251.78553,
153,		0.15989,		21.95592,		227.95994,
154,		0.16797,		21.57863,		229.07938,
155,		0.14532,		21.45558,		220.50862,
156,		0.14732,		21.35073,		220.43924,
157,		0.16435,		21.17343,		235.76157,
158,		0.13927,		21.21444,		237.47040,
159,		0.17180,		21.19800,		235.79992,
160,		0.16639,		21.20464,		254.39602,
161,		0.17685,		21.23525,		248.28208,
162,		0.17061,		21.14509,		248.83228,
163,		0.15605,		21.14398,		238.59647,
164,		0.14990,		21.23315,		230.24678,
165,		0.16016,		20.79769,		232.57613,
166,		0.19086,		20.41420,		217.98193,
167,		0.18206,		20.36076,		223.77825,
168,		0.18509,		20.16658,		220.93860,
169,		0.12968,		20.06355,		217.37816,
170,		0.17221,		19.91089,		225.38937,
171,		0.16747,		20.02309,		234.86001,
172,		0.19138,		20.14642,		228.71525,
173,		0.18434,		20.15103,		220.48562,
174,		0.17860,		20.25982,		227.77451,
175,		0.17624,		20.46321,		216.74822,
176,		0.19122,		20.08520,		213.59195,
177,		0.20294,		20.27144,		214.64474,
178,		0.18825,		19.81532,		210.93147,
179,		0.23387,		19.67711,		209.90766,
180,		0.23197,		19.84459,		207.13410,
181,		0.21958,		19.91188,		208.87281,
182,		0.21299,		19.90802,		214.74738,
183,		0.21564,		19.79267,		218.95004,
184,		0.23816,		19.26538,		197.98033,
185,		0.19071,		19.16137,		214.28238,
186,		0.20193,		18.64216,		194.72201,
187,		0.22111,		18.38495,		185.70583,
188,		0.19875,		18.89227,		212.21811,
189,		0.19452,		18.87570,		209.91028,
190,		0.19662,		18.89977,		199.18344,
191,		0.18241,		19.00162,		210.44387,
192,		0.18817,		18.59474,		210.12964,
193,		0.18483,		18.77229,		220.32868,
194,		0.17324,		18.82935,		214.10007,
195,		0.19026,		18.49427,		199.66996,
196,		0.19670,		18.69628,		208.79012,
197,		0.19160,		18.63512,		209.66370,
198,		0.20237,		18.55695,		198.98940,
199,		0.21683,		18.20766,		188.47689,
200,		0.20572,		18.13297,		205.38355,
201,		0.22532,		18.46520,		198.32885,
202,		0.19472,		18.24406,		201.86014,
203,		0.21594,		18.61762,		199.23885,
204,		0.22445,		18.44643,		216.96590,
205,		0.19753,		17.98765,		197.81953,
206,		0.18519,		18.25128,		222.66285,
207,		0.17819,		17.87593,		200.00032,
208,		0.20030,		17.70748,		186.85938,
209,		0.19246,		17.41896,		179.16477,
210,		0.21563,		17.56804,		195.23631,
211,		0.20995,		17.68342,		190.28471,
212,		0.20524,		17.16857,		202.10021,
213,		0.20654,		16.94057,		192.10576,
214,		0.18764,		16.93016,		184.57774,
215,		0.19799,		16.83543,		196.27760,
216,		0.20952,		16.68306,		194.82913,
217,		0.22490,		17.06718,		193.50665,
218,		0.20106,		17.21844,		197.61095,
219,		0.19225,		17.32733,		198.62119,
220,		0.18767,		17.20805,		197.45474,
221,		0.20138,		17.23941,		204.57603,
222,		0.20276,		17.21296,		191.24341,
223,		0.22819,		17.40562,		187.31284,
224,		0.23451,		17.67546,		205.96086,
225,		0.22503,		17.57104,		187.88504,
226,		0.22161,		17.67660,		181.57483,
227,		0.20965,		17.41795,		185.30649,
228,		0.21238,		17.32475,		186.11703,
229,		0.19815,		17.18631,		196.13452,
230,		0.21196,		17.80676,		197.83295,
231,		0.21885,		17.77704,		191.47059,
232,		0.22565,		17.71545,		202.79503,
233,		0.22358,		17.79335,		202.17861,
234,		0.24121,		17.69590,		210.49944,
235,		0.21429,		17.48338,		201.42907,
236,		0.22402,		17.30257,		194.84454,
237,		0.20473,		17.27229,		195.56872,
238,		0.18992,		17.01519,		181.47897,
239,		0.18983,		16.95113,		189.82950,
240,		0.25772,		17.02096,		188.10088,
241,		0.24476,		17.00759,		184.48879,
242,		0.24629,		16.91030,		181.02249,
243,		0.25830,		17.29445,		182.12817,
244,		0.23319,		16.90487,		185.90577,
245,		0.19846,		16.88244,		179.08560,
246,		0.21403,		16.64428,		192.73215,
247,		0.23411,		16.73602,		175.51997,
248,		0.22106,		17.03856,		181.25121,
249,		0.25971,		17.03124,		180.08998,
250,		0.22863,		17.05554,		201.09148,
251,		0.25067,		16.94006,		184.35127,
252,		0.22959,		17.37772,		198.85715,
253,		0.22853,		17.24631,		191.34136,
254,		0.23466,		16.76574,		190.53898,
255,		0.21703,		16.37193,		185.89962,
256,		0.24194,		16.64220,		182.39005,
257,		0.24892,		16.74034,		182.72122,
258,		0.20537,		16.56030,		187.45537,
259,		0.22365,		16.51901,		181.87577,
260,		0.23474,		16.44065,		179.37379,
261,		0.20519,		16.93551,		190.03552,
262,		0.20823,		16.90150,		184.65859,
263,		0.21029,		16.63256,		180.81612,
264,		0.21015,		16.54161,		175.94001,
265,		0.20610,		16.54018,		181.57026,
266,		0.22489,		16.52683,		179.45752,
267,		0.21304,		16.63767,		175.26367,
268,		0.22420,		16.73540,		177.67839,
269,		0.24366,		16.66129,		176.49228,
270,		0.24755,		17.00619,		174.56251,
271,		0.23504,		16.63788,		162.54692,
272,		0.23230,		16.82959,		168.26927,
273,		0.21110,		16.68666,		175.98155,
274,		0.23901,		16.82031,		181.80923,
275,		0.22225,		17.13559,		197.25156,
276,		0.24348,		16.90430,		186.71920,
277,		0.19407,		16.48917,		185.93707,
278,		0.20761,		16.52650,		172.64817,
279,		0.18790,		16.20365,		180.16291,
280,		0.22551,		16.26314,		175.72991,
281,		0.23183,		16.23163,		170.13392,
282,		0.22413,		16.42218,		176.21180,
283,		0.21580,		16.22671,		176.91542,
284,		0.21573,		16.21246,		168.00813,
285,		0.18799,		16.30453,		188.49053,
286,		0.22137,		16.23244,		181.40190,
287,		0.21797,		16.27572,		192.88276,
288,		0.20465,		16.00930,		183.18876,
289,		0.20960,		15.95723,		180.95885,
290,		0.25192,		16.04532,		182.27390,
291,		0.22543,		16.12892,		178.41580,
292,		0.19496,		16.49227,		188.32363,
293,		0.22864,		16.43040,		182.07410,
294,		0.20330,		16.11471,		173.18952,
295,		0.24883,		16.03866,		175.33064,
296,		0.24790,		15.74923,		170.01879,
297,		0.25394,		15.71338,		168.71331,
298,		0.22796,		15.76884,		171.08279,
299,		0.25224,		15.83602,		185.07650,
300,		0.24038,		15.71781,		176.29905,
301,		0.25526,		15.84220,		167.27099,
302,		0.25749,		16.11537,		174.58418,
303,		0.24837,		15.91736,		177.35925,
304,		0.28175,		16.10044,		174.72047,
305,		0.24024,		15.78245,		168.54855,
306,		0.23087,		15.68354,		161.94101,
307,		0.24177,		15.45837,		156.44754,
308,		0.25119,		15.75780,		171.51947,
309,		0.24841,		15.56175,		172.43864,
310,		0.25918,		15.62735,		157.83352,
311,		0.21519,		15.68320,		173.69605,
312,		0.24285,		15.92255,		177.22300,
313,		0.22152,		15.94293,		166.84705,
314,		0.22787,		15.78375,		163.66390,
315,		0.21704,		15.77711,		155.00043,
316,		0.23898,		15.81100,		170.14674,
317,		0.23183,		15.50033,		166.51479,
318,		0.24245,		15.80038,		154.82748,
319,		0.25450,		15.73792,		156.31567,
320,		0.25333,		15.68641,		158.82509,
321,		0.20583,		15.54399,		163.75277,
322,		0.22024,		15.57050,		159.78653,
323,		0.25140,		15.47442,		165.00707,
324,		0.20976,		15.56195,		159.94539,
325,		0.19135,		15.11334,		154.99514,
326,		0.22132,		15.15013,		164.99251,
327,		0.22973,		15.10811,		153.78514,
328,		0.23930,		15.68309,		159.19783,
329,		0.23419,		15.77571,		179.72654,
330,		0.23133,		15.44489,		183.57628,
331,		0.22044,		15.59509,		177.23913,
332,		0.22352,		15.67368,		164.52208,
333,		0.18816,		15.75508,		177.76272,
334,		0.20009,		15.72605,		176.46940,
335,		0.22458,		15.75400,		170.92548,
336,		0.18703,		15.95391,		168.39317,
337,		0.21278,		15.69745,		180.38843,
338,		0.22028,		16.00994,		174.35227,
339,		0.22249,		15.73109,		184.45139,
340,		0.18224,		15.63535,		176.05628,
341,		0.20088,		15.65997,		172.97937,
342,		0.19878,		15.58535,		165.27731,
343,		0.18898,		15.76766,		176.34513,
344,		0.20664,		15.84082,		173.73775,
345,		0.22187,		16.07676,		169.80860,
346,		0.22419,		16.14521,		166.64505,
347,		0.23867,		16.21174,		163.29271,
348,		0.25647,		16.13416,		159.60711,
349,		0.25744,		16.27111,		169.17229,
350,		0.23900,		15.99470,		169.44535,
351,		0.25129,		16.37260,		169.28131,
352,		0.23978,		16.53646,		161.28205,
353,		0.23485,		16.60260,		175.12009,
354,		0.21997,		16.63068,		168.38329,
355,		0.18881,		16.55739,		179.53158,
356,		0.20122,		16.42260,		166.78050,
357,		0.18257,		16.24778,		167.70530,
358,		0.21766,		16.30200,		164.29954,
359,		0.20834,		15.89457,		166.74272,
360,		0.21123,		15.73218,		161.16000,
361,		0.22016,		15.44239,		157.60633,
362,		0.23074,		15.51057,		158.69862,
363,		0.24375,		15.79870,		164.35022,
364,		0.22036,		16.04372,		160.60894,
365,		0.23012,		15.98893,		166.17413,
366,		0.24279,		16.10612,		170.99866,
367,		0.24010,		16.20470,		164.43625,
368,		0.23801,		16.18350,		161.06878,
369,		0.22733,		16.55082,		179.53999,
370,		0.20574,		16.36662,		173.00916,
371,		0.21098,		16.37220,		162.55198,
372,		0.21710,		16.30271,		158.47017,
373,		0.21838,		16.46854,		163.15819,
374,		0.25171,		16.07171,		159.47789,
375,		0.24642,		15.88410,		157.04382,
376,		0.25427,		15.86611,		156.05638,
377,		0.23739,		16.12153,		155.67404,
378,		0.24818,		16.24931,		160.03512,
379,		0.23778,		16.21931,		158.01189,
380,		0.24823,		16.38513,		157.40761,
381,		0.25003,		16.79041,		156.10586,
382,		0.23097,		16.84293,		165.98758,
383,		0.21871,		16.94203,		167.96682,
384,		0.23807,		16.78119,		171.63150,
385,		0.23678,		16.58671,		170.54842,
386,		0.20840,		16.46100,		162.33042,
387,		0.21887,		16.57663,		175.56020,
388,		0.22016,		16.71939,		178.67518,
389,		0.21323,		16.52180,		173.27331,
390,		0.20467,		16.15914,		167.18529,
391,		0.19174,		16.33777,		168.95643,
392,		0.20818,		16.61694,		174.79023,
393,		0.20895,		17.03758,		174.28662,
394,		0.23009,		17.00110,		186.25525,
395,		0.22921,		17.14369,		182.64798,
396,		0.20774,		16.45228,		170.79610,
397,		0.19148,		16.40402,		165.97686,
398,		0.22258,		16.58372,		170.93781,
399,		0.21482,		16.61506,		165.82961,
400,		0.20629,		16.30313,		173.47339,
401,		0.22145,		16.40139,		171.03906,
402,		0.22083,		16.24225,		167.06882,
403,		0.19645,		16.07731,		157.73499,
404,		0.23984,		15.90671,		153.71490,
405,		0.19239,		15.93425,		156.48817,
406,		0.18177,		16.07656,		154.10707,
407,		0.22502,		15.58560,		161.39401,
408,		0.21477,		15.76811,		163.66669,
409,		0.22130,		15.67333,		177.13397,
410,		0.20256,		15.65523,		160.63356,
411,		0.20498,		15.76179,		167.85548,
412,		0.23131,		15.97754,		171.26913,
413,		0.24182,		16.10168,		165.61245,
414,		0.21479,		16.20858,		181.66410,
415,		0.21820,		16.20705,		186.29322,
416,		0.21235,		16.45714,		181.26043,
417,		0.21996,		16.30208,		177.26692,
418,		0.19344,		16.34072,		180.54615,
419,		0.20890,		16.13202,		174.23006,
420,		0.20484,		16.33024,		187.23601,
421,		0.25072,		16.32082,		176.70156,
422,		0.24357,		16.38497,		165.63990,
423,		0.25278,		16.39559,		172.21600,
424,		0.23960,		16.52846,		171.81393,
425,		0.22996,		16.45230,		178.62401,
426,		0.24088,		16.48231,		173.99274,
427,		0.22099,		16.47980,		185.86328,
428,		0.22537,		16.17789,		170.62836,
429,		0.25665,		16.22799,		171.23737,
430,		0.23701,		16.25862,		169.66400,
431,		0.21148,		16.02967,		165.02291,
432,		0.21531,		16.05444,		167.94764,
433,		0.23831,		16.01829,		175.93341,
434,		0.24581,		15.79648,		180.41966,
435,		0.24193,		16.23930,		182.91394,
436,		0.20980,		16.20889,		184.55605,
437,		0.21293,		15.80264,		183.03636,
438,		0.19520,		15.68810,		168.44120,
439,		0.19230,		15.61252,		169.69831,
440,		0.22047,		15.46680,		168.71103,
441,		0.22881,		15.54867,		177.16385,
442,		0.22131,		15.27654,		168.11797,
443,		0.21620,		15.76470,		190.07070,
444,		0.22392,		15.94520,		191.49621,
445,		0.24307,		15.90432,		184.57982,
446,		0.22611,		15.78592,		182.58160,
447,		0.22742,		15.77016,		182.62660,
448,		0.22884,		15.90496,		183.40698,
449,		0.25049,		15.50148,		166.21147,
450,		0.26088,		15.75477,		167.56239,
451,		0.21897,		15.53722,		165.86993,
452,		0.24164,		15.52247,		164.54338,
453,		0.24356,		15.67093,		181.48042,
454,		0.22369,		15.59228,		188.20877,
455,		0.22582,		15.78631,		185.27844,
456,		0.21789,		16.06563,		171.68575,
457,		0.21891,		15.82612,		173.67744,
458,		0.23842,		15.64374,		172.48749,
459,		0.22286,		15.62076,		167.65403,
460,		0.24010,		15.73831,		158.00194,
461,		0.24773,		15.62768,		161.57081,
462,		0.22024,		15.19704,		177.22636,
463,		0.22813,		15.11599,		176.00766,
464,		0.24065,		15.08054,		178.05218,
465,		0.23530,		14.80985,		161.27301,
466,		0.20212,		14.45826,		149.72013,
467,		0.22187,		14.45398,		159.60702,
468,		0.18719,		14.64841,		158.57053,
469,		0.22262,		14.31101,		161.55896,
470,		0.21409,		14.20111,		160.30603,
471,		0.20330,		14.32771,		167.29235,
472,		0.22800,		14.48294,		168.85271,
473,		0.23030,		14.60164,		172.01550,
474,		0.23664,		14.75163,		161.77918,
475,		0.22041,		14.62071,		159.96043,
476,		0.22050,		14.82978,		174.08588,
477,		0.24250,		14.77475,		162.37514,
478,		0.23720,		14.72135,		165.81304,
479,		0.21115,		14.65310,		171.10362,
480,		0.22321,		14.49345,		173.53591,
481,		0.19821,		14.60045,		168.04817,
482,		0.21918,		14.75347,		171.81166,
483,		0.22942,		14.74688,		180.82850,
484,		0.23321,		14.28711,		160.25980,
485,		0.20000,		14.24331,		155.85377,
486,		0.24537,		14.51726,		157.09841,
487,		0.22531,		14.29626,		150.29251,
488,		0.20424,		14.04539,		151.38724,
489,		0.23509,		14.05009,		153.91521,
490,		0.22198,		14.30691,		162.72508,
491,		0.22580,		13.98166,		170.49384,
492,		0.22443,		13.95712,		170.00607,
493,		0.21460,		14.12679,		165.73149,
494,		0.23166,		14.08523,		158.97247,
495,		0.25679,		13.89296,		147.08632,
496,		0.23351,		13.93657,		142.93865,
497,		0.24795,		13.60642,		144.57575,
498,		0.24104,		13.48442,		142.37398,
499,		0.24888,		13.43459,		145.17576,
500,		0.26051,		13.36501,		142.55129,
501,		0.22831,		13.34553,		138.77815,
502,		0.24213,		13.54710,		160.97241,
503,		0.26215,		13.27061,		162.96444,
504,		0.25129,		13.15629,		148.56413,
505,		0.22481,		13.14340,		150.85931,
506,		0.26027,		13.16016,		146.51327,
507,		0.23249,		13.14847,		150.46675,
508,		0.23034,		12.97817,		137.90861,
509,		0.23290,		12.86645,		145.87202,
510,		0.22409,		12.92920,		140.46219,
511,		0.22933,		12.77505,		144.02170,
512,		0.24528,		12.63072,		150.11371,
513,		0.22675,		12.92273,		155.96064,
514,		0.25471,		12.87513,		144.44696,
515,		0.23736,		12.95065,		135.02236,
516,		0.23508,		12.88847,		137.26936,
517,		0.22356,		12.97806,		140.97940,
518,		0.21906,		13.01009,		139.06460,
519,		0.22131,		13.21530,		144.22735,
520,		0.21879,		13.33391,		141.12144,
521,		0.21575,		13.27378,		133.10572,
522,		0.23998,		13.11976,		135.97724,
523,		0.23818,		13.21391,		136.86036,
524,		0.24574,		13.10618,		139.06819,
525,		0.24461,		13.15028,		144.70302,
526,		0.21517,		13.18664,		145.67226,
527,		0.21589,		12.99869,		133.45828,
528,		0.19958,		12.98548,		143.04708,
529,		0.23881,		12.79182,		132.48201,
530,		0.18818,		12.69194,		142.26631,
531,		0.20244,		13.16275,		143.22233,
532,		0.20446,		13.20322,		143.56432,
533,		0.20742,		13.16612,		149.09399,
534,		0.21047,		12.89439,		149.91504,
535,		0.22338,		12.79515,		133.48068,
536,		0.22345,		13.11388,		146.46906,
537,		0.22759,		12.70855,		139.37942,
538,		0.22516,		12.95892,		138.71585,
539,		0.21756,		12.64873,		141.20700,
540,		0.22190,		12.66252,		142.08179,
541,		0.23463,		12.60226,		133.56910,
542,		0.25447,		12.32144,		131.05572,
543,		0.24107,		12.40688,		126.80304,
544,		0.20618,		12.43701,		124.59749,
545,		0.22351,		12.41672,		124.43276,
546,		0.23180,		12.48732,		130.72249,
547,		0.22497,		12.55470,		131.28079,
548,		0.23893,		12.36658,		131.74234,
549,		0.24002,		12.38620,		126.41906,
550,		0.26065,		12.54619,		133.47500,
551,		0.22860,		12.83930,		136.13757,
552,		0.23721,		12.89372,		134.63271,
553,		0.19973,		12.86707,		135.25713,
554,		0.21905,		12.93781,		143.05020,
555,		0.20407,		13.05382,		135.76530,
556,		0.19629,		12.90825,		135.66525,
557,		0.17588,		12.95733,		126.25442,
558,		0.16906,		13.02300,		127.11253,
559,		0.20484,		13.21083,		122.59160,
560,		0.23133,		13.55828,		137.74063,
561,		0.20981,		13.41978,		128.72478,
562,		0.21632,		13.36793,		125.82626,
563,		0.22688,		13.64053,		127.55790,
564,		0.21296,		13.66149,		139.69750,
565,		0.20853,		13.95042,		145.34076,
566,		0.23462,		14.07661,		142.50453,
567,		0.22475,		13.78798,		135.66626,
568,		0.20577,		14.10200,		144.39129,
569,		0.20896,		13.93718,		139.53838,
570,		0.22308,		13.77218,		145.12145,
571,		0.25459,		13.75663,		152.35168,
572,		0.23648,		13.50835,		150.69267,
573,		0.22570,		13.71450,		149.92777,
574,		0.20322,		13.59086,		137.50757,
575,		0.17915,		13.45124,		142.02809,
576,		0.20494,		13.38898,		146.16646,
577,		0.21076,		13.44328,		146.75154,
578,		0.20793,		13.32634,		144.99961,
579,		0.21048,		12.89503,		141.39561,
580,		0.21006,		13.00047,		141.55526,
581,		0.20726,		13.12782,		137.36219,
582,		0.20533,		13.07371,		132.27536,
583,		0.23522,		12.94174,		124.40948,
584,		0.21178,		12.91891,		132.66206,
585,		0.21975,		13.12355,		136.19115,
586,		0.23241,		13.04676,		137.05616,
587,		0.23981,		12.84301,		145.69162,
588,		0.20593,		12.85213,		136.87824,
589,		0.21786,		12.77580,		134.32539,
590,		0.20625,		13.11574,		139.20567,
591,		0.21219,		12.96049,		134.27242,
592,		0.23227,		12.97256,		148.72906,
593,		0.23040,		12.96358,		140.44961,
594,		0.21806,		13.20158,		142.31188,
595,		0.20172,		13.21892,		138.69542,
596,		0.22908,		13.02913,		134.80405,
597,		0.17976,		12.72579,		133.31733,
598,		0.23292,		12.77812,		137.10291,
599,		0.27714,		12.70215,		134.86925,
600,		0.21582,		12.83979,		131.23442,
601,		0.18848,		12.91751,		132.21867,
602,		0.22412,		13.14674,		143.39467,
603,		0.22363,		13.04939,		139.65293,
604,		0.23696,		13.11077,		139.60715,
605,		0.20223,		13.18344,		151.42266,
606,		0.19350,		13.50296,		156.45372,
607,		0.19670,		13.47814,		142.62405,
608,		0.19129,		13.45788,		150.07929,
609,		0.19305,		13.46521,		143.44264,
610,		0.20844,		13.56320,		151.97212,
611,		0.19654,		13.36837,		146.19544,
612,		0.19547,		13.44087,		130.55007,
613,		0.20075,		13.34353,		129.22158,
614,		0.21302,		13.43322,		144.71129,
615,		0.21893,		13.36417,		129.21648,
616,		0.23548,		13.56299,		136.79509,
617,		0.21969,		13.40324,		135.20983,
618,		0.21157,		13.33086,		130.47098,
619,		0.21601,		13.44642,		129.19751,
620,		0.20748,		13.60107,		134.41872,
621,		0.22638,		13.90755,		144.20007,
622,		0.23930,		13.88891,		150.29145,
623,		0.20268,		13.70328,		155.68253,
624,		0.23300,		13.75893,		146.44668,
625,		0.22448,		13.82764,		142.75982,
626,		0.23467,		13.83210,		151.00391,
627,		0.22066,		13.57733,		137.67531,
628,		0.22279,		13.58016,		124.87652,
629,		0.22347,		13.61950,		132.45962,
630,		0.24744,		13.74962,		135.28624,
631,		0.23799,		13.66161,		134.14136,
632,		0.23575,		13.93999,		127.37063,
633,		0.23185,		14.10409,		132.83125,
634,		0.23287,		14.25728,		132.97545,
635,		0.23955,		14.43710,		140.38856,
636,		0.24137,		13.99738,		130.00800,
637,		0.24386,		13.74175,		135.01064,
638,		0.25382,		13.78371,		154.58634,
639,		0.24047,		13.72046,		148.45816,
640,		0.21844,		13.69828,		146.06853,
641,		0.20015,		13.69327,		145.55892,
642,		0.23401,		13.70088,		154.26357,
643,		0.22511,		13.70724,		153.17943,
644,		0.20834,		13.68597,		154.47081,
645,		0.20167,		13.74102,		148.17230,
646,		0.19499,		13.29475,		136.38780,
647,		0.21676,		13.26204,		133.11874,
648,		0.23241,		13.30938,		128.99554,
649,		0.23899,		13.32866,		133.68409,
650,		0.21814,		13.40830,		147.23239,
651,		0.19634,		13.25511,		140.62688,
652,		0.23875,		13.37573,		154.15187,
653,		0.20114,		13.13864,		139.34588,
654,		0.20437,		13.31367,		138.17456,
655,		0.20731,		13.23305,		142.01287,
656,		0.23283,		12.97476,		136.78237,
657,		0.20855,		12.71651,		134.18656,
658,		0.18910,		12.59981,		136.32620,
659,		0.23910,		12.58573,		127.62018,
660,		0.21555,		12.48206,		125.03957,
661,		0.19561,		12.51222,		126.67216,
662,		0.19449,		12.47663,		134.52404,
663,		0.24375,		12.35678,		124.94068,
664,		0.19592,		12.48119,		132.56722,
665,		0.20673,		12.53259,		129.07367,
666,		0.24946,		12.49488,		132.82871,
667,		0.25759,		12.65227,		132.33817,
668,		0.26908,		12.75823,		141.54700,
669,		0.25577,		12.61456,		143.53750,
670,		0.24975,		12.51446,		137.54228,
671,		0.28466,		12.47139,		133.70283,
672,		0.25729,		12.69908,		136.95004,
673,		0.22684,		12.59140,		134.54601,
674,		0.22800,		12.50718,		131.24683,
675,		0.22770,		12.57347,		140.70964,
676,		0.24090,		12.47812,		137.95185,
677,		0.24709,		12.35538,		135.95556,
678,		0.23837,		12.52453,		132.54022,
679,		0.24900,		12.41660,		129.00599,
680,		0.24395,		12.55443,		140.76212,
681,		0.21801,		12.72865,		129.78391,
682,		0.22286,		12.73371,		133.64770,
683,		0.22460,		12.75300,		139.40029,
684,		0.22439,		12.90076,		134.47476,
685,		0.23504,		13.02064,		138.45226,
686,		0.23336,		12.93695,		134.99064,
687,		0.23843,		12.79927,		135.71662,
688,		0.22014,		12.92210,		137.08623,
689,		0.21756,		12.72475,		131.78720,
690,		0.25749,		12.54288,		129.31905,
691,		0.26143,		12.83081,		141.90388,
692,		0.25689,		12.72617,		143.36918,
693,		0.19299,		12.64865,		151.22418,
694,		0.24091,		12.71853,		154.75531,
695,		0.23607,		12.89041,		162.63429,
696,		0.23157,		13.00731,		158.36089,
697,		0.22398,		13.16589,		156.18193,
698,		0.25629,		13.43316,		155.05835,
699,		0.21265,		13.37214,		161.53620,
700,		0.25098,		13.25408,		163.81467,
701,		0.22133,		13.21643,		152.69288,
702,		0.26432,		13.04368,		148.24754,
703,		0.24391,		13.23011,		165.90359,
704,		0.27597,		12.89775,		144.80685,
705,		0.31222,		12.78903,		141.36382,
706,		0.31199,		12.88637,		142.26188,
707,		0.29210,		12.85883,		143.87085,
708,		0.30652,		13.13293,		143.10889,
709,		0.30390,		13.29322,		144.30426,
710,		0.24569,		13.26263,		148.22384,
711,		0.21649,		13.13308,		144.91674,
712,		0.19466,		13.30375,		155.89785,
713,		0.20518,		13.35882,		155.31345,
714,		0.24801,		13.28967,		146.09247,
715,		0.24374,		13.63332,		163.77151,
716,		0.23877,		13.59035,		160.63805,
717,		0.21728,		13.62787,		153.89266,
718,		0.19487,		13.60333,		147.69742,
719,		0.18991,		13.42332,		146.38862,
720,		0.19961,		13.58320,		151.12499,
721,		0.22241,		13.68229,		150.97914,
722,		0.24866,		13.88304,		152.81735,
723,		0.21467,		13.83571,		154.26950,
724,		0.23164,		13.72687,		142.55348,
725,		0.26591,		13.71217,		151.05805,
726,		0.27260,		13.68634,		150.71689,
727,		0.19496,		13.43005,		152.30514,
728,		0.21734,		13.41680,		165.13538,
729,		0.23616,		13.09264,		147.94020,
730,		0.25301,		13.11959,		152.61947,
731,		0.22441,		12.94671,		144.64978,
732,		0.26920,		13.05528,		144.13190,
733,		0.22091,		12.84099,		133.59855,
734,		0.21170,		13.02865,		129.27458,
735,		0.18569,		13.09604,		151.16361,
736,		0.22216,		13.04487,		150.73858,
737,		0.24691,		12.88278,		136.93540,
738,		0.21835,		12.59831,		136.23988,
739,		0.21848,		12.78672,		141.23578,
740,		0.21040,		12.76318,		132.48541,
741,		0.22299,		12.33636,		127.86750,
742,		0.26123,		12.59267,		136.92979,
743,		0.26022,		12.55968,		142.40802,
744,		0.25572,		12.71981,		139.99949,
745,		0.23143,		12.54651,		137.39086,
746,		0.25048,		12.33194,		146.08081,
747,		0.25166,		12.43056,		142.58736,
748,		0.26180,		12.23214,		139.55460,
749,		0.25282,		12.23802,		140.03751,
750,		0.26052,		12.24966,		135.64471,
751,		0.25305,		12.38491,		125.30847,
752,		0.26131,		12.48473,		136.84320,
753,		0.24362,		12.41377,		140.32883,
754,		0.23456,		12.74213,		131.71892,
755,		0.24442,		12.63049,		141.47689,
756,		0.25962,		12.74105,		138.24642,
757,		0.20905,		13.23826,		153.49877,
758,		0.27236,		13.20144,		157.86765,
759,		0.26433,		13.31034,		143.82327,
760,		0.23970,		13.07116,		152.10935,
761,		0.21457,		13.00030,		141.26618,
762,		0.18821,		12.94515,		138.72439,
763,		0.18146,		12.95534,		153.63613,
764,		0.19460,		13.21830,		156.24242,
765,		0.25278,		13.12558,		155.20101,
766,		0.24798,		12.95610,		143.10473,
767,		0.22989,		12.87314,		147.63917,
768,		0.20213,		12.91225,		154.34289,
769,		0.19444,		12.77023,		150.59484,
770,		0.22992,		12.83386,		147.05016,
771,		0.22785,		12.71200,		131.25415,
772,		0.23137,		12.61106,		138.48637,
773,		0.18583,		12.77638,		148.18831,
774,		0.19786,		13.04117,		147.17071,
775,		0.18800,		12.82233,		130.45916,
776,		0.20263,		12.59379,		128.41387,
777,		0.22857,		12.64491,		129.09007,
778,		0.22805,		12.69917,		134.53664,
779,		0.21062,		12.82356,		131.81232,
780,		0.23279,		12.79109,		130.74091,
781,		0.22121,		12.78412,		144.02530,
782,		0.19619,		12.75511,		160.87099,
783,		0.21069,		12.84247,		153.17352,
784,		0.19261,		12.86181,		146.34443,
785,		0.21341,		13.05865,		144.91352,
786,		0.22782,		12.84049,		147.70134,
787,		0.20285,		12.92501,		144.21223,
788,		0.21146,		12.72100,		141.77901,
789,		0.24929,		12.90709,		163.14922,
790,		0.24376,		12.75401,		134.83670,
791,		0.29153,		12.92134,		139.60111,
792,		0.26698,		12.95564,		133.49406,
793,		0.24934,		12.94394,		130.44942,
794,		0.28016,		13.06875,		138.41011,
795,		0.22369,		13.05285,		146.59344,
796,		0.26522,		12.96264,		142.64129,
797,		0.25973,		13.10979,		147.60592,
798,		0.28570,		13.41951,		156.75698,
799,		0.24662,		13.39633,		150.72433,
800,		0.24439,		13.30000,		135.50543,
801,		0.22263,		13.59043,		154.74519,
802,		0.22940,		13.57852,		150.07617,
803,		0.22121,		13.51626,		152.74186,
804,		0.19788,		13.34188,		145.75163,
805,		0.19568,		13.43438,		143.73908,
806,		0.20897,		13.69724,		145.72180,
807,		0.22582,		13.96296,		147.32401,
808,		0.24090,		14.08155,		155.35656,
809,		0.23311,		13.69802,		148.95544,
810,		0.23270,		13.49814,		142.48777,
811,		0.28558,		13.19412,		144.01791,
812,		0.25591,		13.41855,		146.29294,
813,		0.19154,		13.52126,		139.07253,
814,		0.18858,		13.41791,		132.49899,
815,		0.22156,		13.59682,		136.05799,
816,		0.22913,		13.63384,		146.65119,
817,		0.22558,		13.63914,		142.50115,
818,		0.27527,		13.58878,		145.38115,
819,		0.25415,		13.29120,		141.23577,
820,		0.23758,		13.58427,		149.09002,
821,		0.26552,		13.55822,		142.12707,
822,		0.26911,		13.38981,		143.73624,
823,		0.31253,		13.22491,		138.75801,
824,		0.31368,		13.24774,		133.37504,
825,		0.31196,		13.26233,		143.92823,
826,		0.30108,		13.25454,		150.02628,
827,		0.30287,		13.13197,		152.21446,
828,		0.30540,		13.01219,		151.67698,
829,		0.28087,		12.96496,		147.48633,
830,		0.27534,		12.96691,		138.14347,
831,		0.26896,		12.79783,		144.71149,
832,		0.27530,		13.01775,		143.59309,
833,		0.30026,		13.28704,		155.90048,
834,		0.29057,		13.14968,		150.98330,
835,		0.32551,		13.26006,		153.66193,
836,		0.34286,		13.14706,		153.72757,
837,		0.26351,		13.21034,		143.74874,
838,		0.24422,		13.49215,		160.02121,
839,		0.26382,		13.59660,		158.14399,
840,		0.26040,		13.66891,		139.33736,
841,		0.28524,		13.57444,		132.64991,
842,		0.25795,		13.77315,		141.61506,
843,		0.28162,		13.81593,		147.84552,
844,		0.27418,		13.75413,		142.81060,
845,		0.26970,		13.50669,		137.01819,
846,		0.29385,		13.76756,		141.95948,
847,		0.28940,		13.74149,		150.99556,
848,		0.30133,		13.79325,		152.99788,
849,		0.29804,		13.98749,		145.45627,
850,		0.28576,		13.83187,		145.03468,
851,		0.25058,		14.14353,		148.76364,
852,		0.28214,		13.93043,		148.51026,
853,		0.27626,		14.13232,		151.89509,
854,		0.28431,		14.07688,		148.72565,
855,		0.24725,		14.18390,		148.85092,
856,		0.26958,		14.19119,		150.91331,
857,		0.23615,		14.27148,		149.51123,
858,		0.24213,		14.30960,		150.24605,
859,		0.26012,		14.26329,		139.98756,
860,		0.26191,		14.41816,		151.75905,
861,		0.30158,		14.63767,		153.22749,
862,		0.30563,		14.31937,		152.75605,
863,		0.22597,		14.16073,		148.20430,
864,		0.27587,		13.91247,		139.04502,
865,		0.27570,		13.94479,		154.94803,
866,		0.26766,		13.99851,		138.27139,
867,		0.26180,		13.98086,		125.64468,
868,		0.27634,		13.91115,		127.51015,
869,		0.30052,		13.94806,		125.36094,
870,		0.30048,		14.05763,		130.42333,
871,		0.29725,		13.98499,		142.46117,
872,		0.26737,		13.84328,		125.22934,
873,		0.26903,		13.87055,		147.16179,
874,		0.30405,		13.98812,		143.47802,
875,		0.31556,		14.06883,		149.30110,
876,		0.28732,		14.19012,		149.16451,
877,		0.28381,		14.41895,		156.88086,
878,		0.27528,		14.38494,		162.42540,
879,		0.28970,		14.31488,		161.76411,
880,		0.29336,		14.57979,		168.26642,
881,		0.29113,		14.64578,		158.70348,
882,		0.29049,		14.57183,		162.03736,
883,		0.28663,		14.66821,		169.14569,
884,		0.27636,		14.39174,		156.53158,
885,		0.29091,		14.59636,		164.06695,
886,		0.27827,		14.44194,		166.19682,
887,		0.26116,		14.28895,		159.49207,
888,		0.25332,		14.35289,		159.38442,
889,		0.25361,		14.41464,		152.84713,
890,		0.27367,		14.37685,		160.84886,
891,		0.23384,		14.46041,		173.26421,
892,		0.25042,		14.10995,		173.84323,
893,		0.22797,		14.00828,		160.82471,
894,		0.24325,		14.08367,		158.05700,
895,		0.22750,		14.48178,		154.34772,
896,		0.23076,		14.35910,		160.37209,
897,		0.20917,		14.18591,		160.01502,
898,		0.25753,		14.10575,		153.50778,
899,		0.24990,		13.99380,		148.13090,
900,		0.24158,		14.37692,		164.84737,
901,		0.25249,		14.26244,		157.11157,
902,		0.23851,		13.98964,		154.61499,
903,		0.25314,		14.15543,		150.32873,
904,		0.26035,		13.97893,		148.18121,
905,		0.27294,		14.19180,		150.56934,
906,		0.26256,		13.99772,		161.56359,
907,		0.26537,		14.02244,		158.60322,
908,		0.27974,		14.23970,		157.45359,
909,		0.24801,		14.20390,		160.30184,
910,		0.28176,		14.44834,		173.46730,
911,		0.27826,		14.65792,		160.69231,
912,		0.26438,		14.59137,		166.78510,
913,		0.24148,		14.61200,		154.54257,
914,		0.27375,		14.71872,		154.86134,
915,		0.28086,		14.59906,		149.97446,
916,		0.28534,		14.68208,		156.16003,
917,		0.28268,		14.79246,		151.01956,
918,		0.27829,		14.57681,		154.41756,
919,		0.27258,		14.35182,		158.42070,
920,		0.25732,		14.02167,		150.36442,
921,		0.29346,		14.23517,		143.87400,
922,		0.28066,		14.25996,		154.08167,
923,		0.26595,		14.44275,		150.14465,
924,		0.28799,		14.32991,		139.52143,
925,		0.28399,		14.16056,		138.18372,
926,		0.31177,		14.21361,		150.42910,
927,		0.34695,		14.21924,		153.69825,
928,		0.32260,		14.00523,		133.43941,
929,		0.30532,		13.97967,		137.21015,
930,		0.32925,		14.19193,		152.67546,
931,		0.36293,		14.05294,		139.00293,
932,		0.32038,		13.96197,		134.52585,
933,		0.31538,		13.93580,		134.12912,
934,		0.27958,		14.18289,		153.65772,
935,		0.27723,		14.08543,		149.23112,
936,		0.26635,		13.90302,		148.24528,
937,		0.27778,		13.87064,		152.81064,
938,		0.28648,		13.86309,		166.21002,
939,		0.30602,		13.90253,		149.20296,
940,		0.30586,		13.94083,		143.69830,
941,		0.30386,		13.88432,		143.31701,
942,		0.30022,		13.60685,		137.53066,
943,		0.31626,		14.03318,		136.14735,
944,		0.27000,		13.98664,		137.79533,
945,		0.28292,		13.91145,		160.75357,
946,		0.28157,		13.98384,		152.51253,
947,		0.27744,		13.99357,		154.29395,
948,		0.29992,		14.05000,		145.14063,
949,		0.25198,		14.03036,		143.72783,
950,		0.29930,		13.97082,		142.06974,
951,		0.27577,		13.94153,		154.27911,
952,		0.27871,		13.81126,		150.38211,
953,		0.26139,		13.64170,		145.24996,
954,		0.24968,		14.02824,		144.76455,
955,		0.29084,		14.27782,		159.17554,
956,		0.31257,		14.34531,		153.23853,
957,		0.21907,		14.50006,		153.73682,
958,		0.29916,		14.52203,		147.37463,
959,		0.28391,		14.44884,		147.69873,
960,		0.27641,		14.52634,		145.49346,
961,		0.26825,		14.49938,		149.65139,
962,		0.25866,		14.60661,		156.64092,
963,		0.23670,		14.63247,		149.73753,
964,		0.28058,		14.62670,		142.17717,
965,		0.29188,		14.53253,		154.02145,
966,		0.28272,		14.50158,		154.72456,
967,		0.28683,		14.26030,		145.97107,
968,		0.29579,		14.09901,		152.91801,
969,		0.29607,		14.01964,		145.48244,
970,		0.27717,		14.00184,		140.97420,
971,		0.27355,		13.85440,		146.06335,
972,		0.31016,		13.99940,		144.42201,
973,		0.27357,		14.32033,		148.10873,
974,		0.27504,		14.72894,		143.40576,
975,		0.27925,		14.86710,		148.69048,
976,		0.25926,		15.42286,		166.61921,
977,		0.28246,		15.52334,		162.90480,
978,		0.26420,		15.43537,		164.46866,
979,		0.20931,		15.44122,		163.03528,
980,		0.19932,		15.58765,		157.89301,
981,		0.20471,		15.55625,		153.58182,
982,		0.24395,		15.76837,		159.18912,
983,		0.22534,		15.28493,		159.33496,
984,		0.23177,		15.31450,		165.57810,
985,		0.24076,		15.29305,		161.84344,
986,		0.25655,		15.23602,		156.20427,
987,		0.22959,		15.21357,		168.38207,
988,		0.25658,		15.50570,		150.21475,
989,		0.24260,		15.60550,		148.38209,
990,		0.24820,		15.36281,		150.02298,
991,		0.26352,		15.22246,		156.30090,
992,		0.25569,		15.37379,		153.88862,
993,		0.22520,		15.25787,		153.90982,
994,		0.27396,		15.13384,		160.21751,
995,		0.25549,		14.90855,		154.46061,
996,		0.25881,		14.81015,		165.92408,
997,		0.24018,		14.93153,		160.14382,
998,		0.21441,		15.31375,		155.11285,
999,		0.23310,		15.33179,		161.69987,
