GEN,		MIN,			AVE,			MAX,
0,		0.00792,		0.01103,		0.01664,
1,		0.01111,		0.01266,		0.01664,
2,		0.01164,		0.01308,		0.01664,
3,		0.01203,		0.01365,		0.01831,
4,		0.01270,		0.01403,		0.01831,
5,		0.01314,		0.01439,		0.01831,
6,		0.01351,		0.01487,		0.02301,
7,		0.01368,		0.01510,		0.02301,
8,		0.01382,		0.01525,		0.02301,
9,		0.01387,		0.01535,		0.02301,
10,		0.01400,		0.01538,		0.02301,
11,		0.01400,		0.01538,		0.02301,
12,		0.01402,		0.01540,		0.02301,
13,		0.01409,		0.01550,		0.02301,
14,		0.01410,		0.01552,		0.02301,
15,		0.01412,		0.01553,		0.02301,
16,		0.01415,		0.01558,		0.02301,
17,		0.01419,		0.01558,		0.02301,
18,		0.01431,		0.01560,		0.02301,
19,		0.01434,		0.01574,		0.02301,
20,		0.01435,		0.01575,		0.02301,
21,		0.01448,		0.01579,		0.02301,
22,		0.01460,		0.01585,		0.02301,
23,		0.01462,		0.01592,		0.02301,
24,		0.01472,		0.01603,		0.02301,
25,		0.01478,		0.01607,		0.02301,
26,		0.01478,		0.01607,		0.02301,
27,		0.01480,		0.01612,		0.02301,
28,		0.01480,		0.01612,		0.02301,
29,		0.01481,		0.01618,		0.02301,
30,		0.01481,		0.01618,		0.02301,
31,		0.01488,		0.01618,		0.02301,
32,		0.01488,		0.01618,		0.02301,
33,		0.01489,		0.01621,		0.02301,
34,		0.01489,		0.01621,		0.02301,
35,		0.01502,		0.01622,		0.02301,
36,		0.01505,		0.01626,		0.02301,
37,		0.01506,		0.01626,		0.02301,
38,		0.01506,		0.01626,		0.02301,
39,		0.01507,		0.01627,		0.02301,
40,		0.01507,		0.01627,		0.02301,
41,		0.01507,		0.01627,		0.02301,
42,		0.01507,		0.01628,		0.02301,
43,		0.01507,		0.01628,		0.02301,
44,		0.01507,		0.01628,		0.02301,
45,		0.01507,		0.01628,		0.02301,
46,		0.01507,		0.01628,		0.02301,
47,		0.01517,		0.01631,		0.02301,
48,		0.01519,		0.01638,		0.02301,
49,		0.01519,		0.01638,		0.02301,
50,		0.01519,		0.01638,		0.02301,
51,		0.01519,		0.01638,		0.02301,
52,		0.01519,		0.01638,		0.02301,
53,		0.01519,		0.01638,		0.02301,
54,		0.01519,		0.01638,		0.02301,
55,		0.01519,		0.01638,		0.02301,
56,		0.01519,		0.01638,		0.02301,
57,		0.01522,		0.01646,		0.02301,
58,		0.01522,		0.01646,		0.02301,
59,		0.01529,		0.01646,		0.02301,
60,		0.01529,		0.01646,		0.02301,
61,		0.01530,		0.01649,		0.02301,
62,		0.01531,		0.01650,		0.02301,
63,		0.01531,		0.01650,		0.02301,
64,		0.01537,		0.01663,		0.02301,
65,		0.01537,		0.01663,		0.02301,
66,		0.01537,		0.01663,		0.02301,
67,		0.01538,		0.01664,		0.02301,
68,		0.01538,		0.01664,		0.02301,
69,		0.01538,		0.01664,		0.02301,
70,		0.01541,		0.01666,		0.02301,
71,		0.01542,		0.01669,		0.02301,
72,		0.01546,		0.01673,		0.02301,
73,		0.01548,		0.01675,		0.02301,
74,		0.01548,		0.01675,		0.02301,
75,		0.01548,		0.01675,		0.02301,
76,		0.01550,		0.01675,		0.02301,
77,		0.01552,		0.01690,		0.02301,
78,		0.01555,		0.01698,		0.02301,
79,		0.01556,		0.01703,		0.02301,
80,		0.01564,		0.01706,		0.02301,
81,		0.01575,		0.01706,		0.02301,
82,		0.01576,		0.01712,		0.02301,
83,		0.01582,		0.01716,		0.02301,
84,		0.01583,		0.01717,		0.02301,
85,		0.01585,		0.01718,		0.02301,
86,		0.01585,		0.01719,		0.02301,
87,		0.01585,		0.01719,		0.02301,
88,		0.01587,		0.01721,		0.02301,
89,		0.01588,		0.01731,		0.02301,
90,		0.01595,		0.01735,		0.02301,
91,		0.01595,		0.01735,		0.02301,
92,		0.01603,		0.01741,		0.02301,
93,		0.01603,		0.01741,		0.02301,
94,		0.01607,		0.01745,		0.02301,
95,		0.01608,		0.01746,		0.02301,
96,		0.01612,		0.01747,		0.02301,
97,		0.01612,		0.01747,		0.02301,
98,		0.01613,		0.01747,		0.02301,
99,		0.01627,		0.01754,		0.02301,
