GEN,		MIN,			AVE,			MAX,
0,		61.84,		71.91,		78.31,
1,		72.63,		74.76,		78.31,
2,		74.18,		76.04,		78.31,
3,		75.67,		77.02,		78.61,
4,		76.94,		77.86,		78.61,
5,		77.76,		78.21,		78.64,
6,		78.18,		78.34,		78.64,
7,		78.29,		78.52,		78.64,
8,		78.52,		78.60,		78.64,
9,		78.58,		78.61,		78.64,
10,		78.58,		78.62,		78.64,
11,		78.62,		78.62,		78.64,
12,		78.62,		78.62,		78.64,
13,		78.62,		78.62,		78.64,
14,		78.62,		78.62,		78.64,
15,		78.62,		78.62,		78.64,
16,		78.62,		78.62,		78.64,
17,		78.62,		78.62,		78.64,
18,		78.62,		78.62,		78.64,
19,		78.62,		78.63,		78.64,
20,		78.62,		78.63,		78.64,
21,		78.62,		78.63,		78.64,
22,		78.62,		78.63,		78.64,
23,		78.62,		78.63,		78.64,
24,		78.62,		78.63,		78.64,
25,		78.62,		78.63,		78.64,
26,		78.62,		78.63,		78.64,
27,		78.62,		78.63,		78.64,
28,		78.62,		78.63,		78.64,
29,		78.62,		78.63,		78.64,
30,		78.62,		78.63,		78.64,
31,		78.62,		78.63,		78.64,
32,		78.62,		78.63,		78.64,
33,		78.62,		78.63,		78.64,
34,		78.62,		78.63,		78.64,
35,		78.62,		78.63,		78.64,
36,		78.62,		78.63,		78.64,
37,		78.62,		78.63,		78.64,
38,		78.62,		78.63,		78.64,
39,		78.62,		78.63,		78.64,
40,		78.62,		78.63,		78.64,
41,		78.62,		78.63,		78.64,
42,		78.62,		78.63,		78.64,
43,		78.62,		78.63,		78.64,
44,		78.62,		78.63,		78.64,
45,		78.62,		78.63,		78.64,
46,		78.62,		78.63,		78.64,
47,		78.63,		78.63,		78.64,
48,		78.63,		78.63,		78.64,
49,		78.63,		78.63,		78.64,
50,		78.63,		78.63,		78.64,
51,		78.63,		78.63,		78.64,
52,		78.63,		78.63,		78.64,
53,		78.63,		78.63,		78.64,
54,		78.63,		78.63,		78.64,
55,		78.63,		78.63,		78.64,
56,		78.63,		78.63,		78.64,
57,		78.63,		78.63,		78.64,
58,		78.63,		78.63,		78.64,
59,		78.63,		78.63,		78.64,
60,		78.63,		78.63,		78.64,
61,		78.63,		78.63,		78.64,
62,		78.63,		78.63,		78.64,
63,		78.63,		78.63,		78.64,
64,		78.63,		78.63,		78.64,
65,		78.63,		78.63,		78.64,
66,		78.63,		78.63,		78.64,
67,		78.63,		78.63,		78.64,
68,		78.63,		78.63,		78.64,
69,		78.63,		78.63,		78.64,
70,		78.63,		78.63,		78.64,
71,		78.63,		78.63,		78.64,
72,		78.63,		78.63,		78.64,
73,		78.63,		78.63,		78.64,
74,		78.63,		78.63,		78.64,
75,		78.63,		78.63,		78.64,
76,		78.63,		78.63,		78.64,
77,		78.63,		78.63,		78.64,
78,		78.63,		78.63,		78.64,
79,		78.63,		78.63,		78.64,
80,		78.63,		78.63,		78.64,
81,		78.63,		78.63,		78.64,
82,		78.63,		78.63,		78.64,
83,		78.63,		78.63,		78.64,
84,		78.63,		78.63,		78.64,
85,		78.63,		78.63,		78.64,
86,		78.63,		78.63,		78.64,
87,		78.63,		78.63,		78.64,
88,		78.63,		78.63,		78.64,
89,		78.63,		78.63,		78.64,
90,		78.63,		78.63,		78.64,
91,		78.63,		78.63,		78.64,
92,		78.63,		78.63,		78.64,
93,		78.63,		78.63,		78.64,
94,		78.63,		78.63,		78.64,
95,		78.63,		78.63,		78.64,
96,		78.63,		78.63,		78.64,
97,		78.63,		78.63,		78.64,
98,		78.63,		78.63,		78.64,
99,		78.63,		78.63,		78.64,
