GEN,		MIN,			AVE,			MAX,
0,		3563.58,		3844.66,		3905.85,
1,		3878.24,		3895.48,		3905.85,
2,		3894.43,		3900.78,		3905.85,
3,		3901.21,		3903.53,		3905.85,
4,		3903.80,		3904.84,		3905.85,
5,		3904.80,		3905.05,		3905.85,
6,		3905.03,		3905.08,		3905.85,
7,		3905.04,		3905.09,		3905.85,
8,		3905.04,		3905.09,		3905.85,
9,		3905.04,		3905.09,		3905.85,
10,		3905.04,		3905.09,		3905.85,
11,		3905.04,		3905.09,		3905.85,
12,		3905.04,		3905.09,		3905.85,
13,		3905.04,		3905.09,		3905.85,
14,		3905.04,		3905.09,		3905.85,
15,		3905.04,		3905.09,		3905.85,
16,		3905.04,		3905.09,		3905.85,
17,		3905.04,		3905.09,		3905.85,
18,		3905.04,		3905.09,		3905.85,
19,		3905.04,		3905.09,		3905.85,
20,		3905.04,		3905.09,		3905.85,
21,		3905.04,		3905.09,		3905.85,
22,		3905.04,		3905.10,		3905.85,
23,		3905.04,		3905.10,		3905.85,
24,		3905.04,		3905.10,		3905.85,
25,		3905.04,		3905.10,		3905.85,
26,		3905.04,		3905.10,		3905.85,
27,		3905.04,		3905.10,		3905.85,
28,		3905.04,		3905.10,		3905.85,
29,		3905.04,		3905.10,		3905.85,
30,		3905.04,		3905.10,		3905.85,
31,		3905.04,		3905.10,		3905.85,
32,		3905.04,		3905.10,		3905.85,
33,		3905.04,		3905.10,		3905.85,
34,		3905.04,		3905.10,		3905.85,
35,		3905.04,		3905.10,		3905.85,
36,		3905.04,		3905.10,		3905.85,
37,		3905.04,		3905.10,		3905.85,
38,		3905.04,		3905.10,		3905.85,
39,		3905.04,		3905.10,		3905.85,
40,		3905.04,		3905.10,		3905.85,
41,		3905.04,		3905.10,		3905.85,
42,		3905.04,		3905.10,		3905.85,
43,		3905.04,		3905.10,		3905.85,
44,		3905.04,		3905.10,		3905.85,
45,		3905.04,		3905.10,		3905.85,
46,		3905.04,		3905.10,		3905.85,
47,		3905.04,		3905.10,		3905.85,
48,		3905.04,		3905.10,		3905.85,
49,		3905.04,		3905.10,		3905.85,
50,		3905.04,		3905.10,		3905.85,
51,		3905.04,		3905.10,		3905.85,
52,		3905.04,		3905.10,		3905.85,
53,		3905.04,		3905.10,		3905.85,
54,		3905.04,		3905.10,		3905.85,
55,		3905.04,		3905.10,		3905.85,
56,		3905.04,		3905.10,		3905.85,
57,		3905.04,		3905.10,		3905.85,
58,		3905.04,		3905.10,		3905.85,
59,		3905.04,		3905.10,		3905.85,
60,		3905.04,		3905.10,		3905.85,
61,		3905.04,		3905.10,		3905.85,
62,		3905.04,		3905.10,		3905.85,
63,		3905.04,		3905.10,		3905.85,
64,		3905.04,		3905.10,		3905.85,
65,		3905.04,		3905.10,		3905.85,
66,		3905.04,		3905.10,		3905.85,
67,		3905.04,		3905.10,		3905.85,
68,		3905.04,		3905.10,		3905.85,
69,		3905.04,		3905.10,		3905.85,
70,		3905.04,		3905.10,		3905.85,
71,		3905.04,		3905.10,		3905.85,
72,		3905.04,		3905.10,		3905.85,
73,		3905.04,		3905.10,		3905.85,
74,		3905.04,		3905.10,		3905.85,
75,		3905.04,		3905.10,		3905.85,
76,		3905.04,		3905.10,		3905.85,
77,		3905.04,		3905.10,		3905.85,
78,		3905.04,		3905.10,		3905.85,
79,		3905.04,		3905.10,		3905.85,
80,		3905.04,		3905.10,		3905.85,
81,		3905.04,		3905.10,		3905.85,
82,		3905.04,		3905.10,		3905.85,
83,		3905.04,		3905.10,		3905.85,
84,		3905.04,		3905.10,		3905.85,
85,		3905.04,		3905.10,		3905.85,
86,		3905.04,		3905.10,		3905.85,
87,		3905.04,		3905.10,		3905.85,
88,		3905.04,		3905.10,		3905.85,
89,		3905.04,		3905.10,		3905.85,
90,		3905.04,		3905.10,		3905.85,
91,		3905.04,		3905.10,		3905.85,
92,		3905.05,		3905.10,		3905.85,
93,		3905.05,		3905.10,		3905.85,
94,		3905.05,		3905.10,		3905.85,
95,		3905.05,		3905.10,		3905.85,
96,		3905.05,		3905.10,		3905.85,
97,		3905.05,		3905.10,		3905.85,
98,		3905.05,		3905.10,		3905.85,
99,		3905.05,		3905.11,		3905.85,
