GEN,		MIN,			AVE,			MAX,
0,		19.60,		27.56,		34.60,
1,		28.60,		30.28,		34.60,
2,		30.60,		31.72,		36.60,
3,		31.60,		33.32,		37.60,
4,		33.60,		34.76,		38.60,
5,		34.60,		35.72,		39.60,
6,		34.60,		36.60,		39.60,
7,		35.60,		37.50,		39.60,
8,		37.60,		38.08,		39.60,
9,		37.60,		38.28,		39.60,
10,		37.60,		38.44,		39.60,
11,		38.60,		38.74,		39.60,
12,		38.60,		38.82,		39.60,
13,		38.60,		38.98,		39.60,
14,		38.60,		38.98,		39.60,
15,		38.60,		38.98,		39.60,
16,		38.60,		38.98,		39.60,
17,		38.60,		38.98,		39.60,
18,		38.60,		38.98,		39.60,
19,		38.60,		38.98,		39.60,
20,		38.60,		38.98,		39.60,
21,		38.60,		38.98,		39.60,
22,		38.60,		38.98,		39.60,
23,		38.60,		38.98,		39.60,
24,		38.60,		38.98,		39.60,
25,		38.60,		38.98,		39.60,
26,		38.60,		38.98,		39.60,
27,		38.60,		38.98,		39.60,
28,		38.60,		38.98,		39.60,
29,		38.60,		38.98,		39.60,
30,		38.60,		38.98,		39.60,
31,		38.60,		38.98,		39.60,
32,		38.60,		38.98,		39.60,
33,		38.60,		38.98,		39.60,
34,		38.60,		38.98,		39.60,
35,		38.60,		38.98,		39.60,
36,		38.60,		38.98,		39.60,
37,		38.60,		38.98,		39.60,
38,		38.60,		38.98,		39.60,
39,		38.60,		38.98,		39.60,
40,		38.60,		38.98,		39.60,
41,		38.60,		38.98,		39.60,
42,		38.60,		38.98,		39.60,
43,		38.60,		38.98,		39.60,
44,		38.60,		38.98,		39.60,
45,		38.60,		39.10,		39.60,
46,		38.60,		39.46,		39.60,
47,		39.60,		39.60,		39.60,
48,		39.60,		39.60,		39.60,
49,		39.60,		39.60,		39.60,
50,		39.60,		39.60,		39.60,
51,		39.60,		39.60,		39.60,
52,		39.60,		39.60,		39.60,
53,		39.60,		39.60,		39.60,
54,		39.60,		39.60,		39.60,
55,		39.60,		39.60,		39.60,
56,		39.60,		39.60,		39.60,
57,		39.60,		39.60,		39.60,
58,		39.60,		39.60,		39.60,
59,		39.60,		39.60,		39.60,
60,		39.60,		39.60,		39.60,
61,		39.60,		39.60,		39.60,
62,		39.60,		39.60,		39.60,
63,		39.60,		39.60,		39.60,
64,		39.60,		39.60,		39.60,
65,		39.60,		39.60,		39.60,
66,		39.60,		39.60,		39.60,
67,		39.60,		39.60,		39.60,
68,		39.60,		39.60,		39.60,
69,		39.60,		39.60,		39.60,
70,		39.60,		39.60,		39.60,
71,		39.60,		39.60,		39.60,
72,		39.60,		39.60,		39.60,
73,		39.60,		39.60,		39.60,
74,		39.60,		39.60,		39.60,
75,		39.60,		39.60,		39.60,
76,		39.60,		39.60,		39.60,
77,		39.60,		39.60,		39.60,
78,		39.60,		39.60,		39.60,
79,		39.60,		39.60,		39.60,
80,		39.60,		39.60,		39.60,
81,		39.60,		39.60,		39.60,
82,		39.60,		39.60,		39.60,
83,		39.60,		39.60,		39.60,
84,		39.60,		39.60,		39.60,
85,		39.60,		39.60,		39.60,
86,		39.60,		39.60,		39.60,
87,		39.60,		39.60,		39.60,
88,		39.60,		39.60,		39.60,
89,		39.60,		39.60,		39.60,
90,		39.60,		39.60,		39.60,
91,		39.60,		39.60,		39.60,
92,		39.60,		39.60,		39.60,
93,		39.60,		39.60,		39.60,
94,		39.60,		39.60,		39.60,
95,		39.60,		39.60,		39.60,
96,		39.60,		39.60,		39.60,
97,		39.60,		39.60,		39.60,
98,		39.60,		39.60,		39.60,
99,		39.60,		39.60,		39.60,
